object={
	name="tree_cypress_01_generator_1_0"
	render_pass=Map
	clamp_to_water_level=no
	generated_content=yes
	layer="tree_high_layer"
	pdxmesh="tree_cypress_01_a_mesh"
	count=128
	transform="4836.619141 0.000000 2541.308350 0.000000 0.019854 0.000000 0.999803 1.000000 1.000000 1.000000
4836.762695 0.000000 2528.520996 0.000000 0.332092 0.000000 0.943247 1.000000 1.000000 1.000000
4830.729004 0.000000 2551.324463 0.000000 0.889210 0.000000 0.457500 1.000000 1.000000 1.000000
4844.361328 0.000000 2553.612305 0.000000 0.528160 0.000000 0.849145 1.000000 1.000000 1.000000
4833.665527 0.000000 2556.543701 0.000000 0.705276 0.000000 0.708932 1.000000 1.000000 1.000000
4834.322266 0.000000 2551.087402 0.000000 0.011834 0.000000 0.999930 1.000000 1.000000 1.000000
4835.566406 0.000000 2544.364990 0.000000 0.466913 0.000000 0.884304 1.000000 1.000000 1.000000
4836.748047 0.000000 2556.820312 0.000000 0.428370 0.000000 0.903604 1.000000 1.000000 1.000000
4842.321289 0.000000 2520.007568 0.000000 0.052592 0.000000 0.998616 1.000000 1.000000 1.000000
4835.392578 0.000000 2554.587646 0.000000 0.101799 0.000000 0.994805 1.000000 1.000000 1.000000
4844.055664 0.000000 2523.799072 0.000000 0.532903 0.000000 0.846176 1.000000 1.000000 1.000000
4884.372559 0.000000 2490.452637 0.000000 0.076363 0.000000 0.997080 1.000000 1.000000 1.000000
4900.611328 0.000000 2477.323975 0.000000 0.191027 0.000000 0.981585 1.000000 1.000000 1.000000
4906.015137 0.000000 2479.240967 0.000000 0.283582 0.000000 0.958948 1.000000 1.000000 1.000000
4902.636719 0.000000 2480.104248 0.000000 0.842972 0.000000 0.537957 1.000000 1.000000 1.000000
4904.648438 0.000000 2490.338623 0.000000 0.718546 0.000000 0.695480 1.000000 1.000000 1.000000
4882.009766 0.000000 2490.802246 0.000000 0.382115 0.000000 0.924115 1.000000 1.000000 1.000000
4874.788086 0.000000 2496.177490 0.000000 0.987539 0.000000 0.157373 1.000000 1.000000 1.000000
4880.473145 0.000000 2512.808105 0.000000 0.107515 0.000000 0.994203 1.000000 1.000000 1.000000
4922.676270 0.000000 2521.983643 0.000000 0.112095 0.000000 0.993698 1.000000 1.000000 1.000000
4898.902344 0.000000 2495.953125 0.000000 0.903247 0.000000 0.429122 1.000000 1.000000 1.000000
4884.980957 0.000000 2495.744629 0.000000 0.926907 0.000000 0.375291 1.000000 1.000000 1.000000
4883.045410 0.000000 2504.414307 0.000000 0.848621 0.000000 0.529002 1.000000 1.000000 1.000000
4879.612305 0.000000 2521.978271 0.000000 0.293661 0.000000 0.955910 1.000000 1.000000 1.000000
4910.956543 0.000000 2496.818848 0.000000 0.292818 0.000000 0.956168 1.000000 1.000000 1.000000
4894.122559 0.000000 2531.199463 0.000000 0.589509 0.000000 0.807762 1.000000 1.000000 1.000000
4879.999512 0.000000 2499.145264 0.000000 0.777543 0.000000 0.628829 1.000000 1.000000 1.000000
4904.841797 0.000000 2497.461914 0.000000 0.836827 0.000000 0.547468 1.000000 1.000000 1.000000
4875.264648 0.000000 2510.819336 0.000000 0.039284 0.000000 0.999228 1.000000 1.000000 1.000000
4886.888184 0.000000 2500.693604 0.000000 0.972440 0.000000 0.233154 1.000000 1.000000 1.000000
4874.578613 0.000000 2520.461670 0.000000 0.237744 0.000000 0.971328 1.000000 1.000000 1.000000
4896.101562 0.000000 2501.435791 0.000000 0.702702 0.000000 0.711484 1.000000 1.000000 1.000000
4889.659668 0.000000 2541.776123 0.000000 0.802620 0.000000 0.596490 1.000000 1.000000 1.000000
4883.180176 0.000000 2543.728516 0.000000 0.995784 0.000000 0.091731 1.000000 1.000000 1.000000
4921.509766 0.000000 2513.182129 0.000000 0.980258 0.000000 0.197722 1.000000 1.000000 1.000000
4926.592773 0.000000 2502.293457 0.000000 0.789905 0.000000 0.613229 1.000000 1.000000 1.000000
4926.263184 0.000000 2508.781494 0.000000 0.997425 0.000000 0.071717 1.000000 1.000000 1.000000
4895.982422 0.000000 2497.196045 0.000000 0.997849 0.000000 0.065554 1.000000 1.000000 1.000000
4874.624023 0.000000 2517.647949 0.000000 0.387805 0.000000 0.921742 1.000000 1.000000 1.000000
4889.001953 0.000000 2502.704590 0.000000 0.973703 0.000000 0.227819 1.000000 1.000000 1.000000
4874.803223 0.000000 2514.186035 0.000000 0.823425 0.000000 0.567426 1.000000 1.000000 1.000000
4885.734863 0.000000 2503.314453 0.000000 0.930950 0.000000 0.365147 1.000000 1.000000 1.000000
4924.285156 0.000000 2548.852783 0.000000 0.608569 0.000000 0.793501 1.000000 1.000000 1.000000
4886.467285 0.000000 2498.105713 0.000000 0.980506 0.000000 0.196487 1.000000 1.000000 1.000000
4926.287598 0.000000 2513.983154 0.000000 0.954304 0.000000 0.298837 1.000000 1.000000 1.000000
4924.020508 0.000000 2507.834717 0.000000 0.970147 0.000000 0.242517 1.000000 1.000000 1.000000
4922.796387 0.000000 2511.129150 0.000000 0.943117 0.000000 0.332462 1.000000 1.000000 1.000000
4920.115234 0.000000 2511.295410 0.000000 0.992063 0.000000 0.125740 1.000000 1.000000 1.000000
4888.416016 0.000000 2499.175537 0.000000 0.480654 0.000000 0.876910 1.000000 1.000000 1.000000
4927.236328 0.000000 2510.750977 0.000000 0.197194 0.000000 0.980365 1.000000 1.000000 1.000000
4923.690918 0.000000 2512.415527 0.000000 0.833243 0.000000 0.552907 1.000000 1.000000 1.000000
4924.066406 0.000000 2511.177490 0.000000 0.067333 0.000000 0.997731 1.000000 1.000000 1.000000
4944.465332 0.000000 2512.808105 0.000000 0.892936 0.000000 0.450183 1.000000 1.000000 1.000000
4927.629395 0.000000 2520.269287 0.000000 0.936059 0.000000 0.351843 1.000000 1.000000 1.000000
4987.063477 0.000000 2501.768066 0.000000 0.842774 0.000000 0.538267 1.000000 1.000000 1.000000
4927.500977 0.000000 2556.462158 0.000000 0.837681 0.000000 0.546160 1.000000 1.000000 1.000000
4932.976562 0.000000 2559.328369 0.000000 0.568135 0.000000 0.822936 1.000000 1.000000 1.000000
4942.138184 0.000000 2506.555664 0.000000 0.059884 0.000000 0.998205 1.000000 1.000000 1.000000
4932.310547 0.000000 2548.811523 0.000000 0.607794 0.000000 0.794094 1.000000 1.000000 1.000000
4981.511230 0.000000 2511.171631 0.000000 0.545767 0.000000 0.837937 1.000000 1.000000 1.000000
4928.698730 0.000000 2551.936523 0.000000 0.999904 0.000000 0.013887 1.000000 1.000000 1.000000
4952.594727 0.000000 2555.475342 0.000000 0.968960 0.000000 0.247217 1.000000 1.000000 1.000000
4978.453125 0.000000 2514.120117 0.000000 0.838375 0.000000 0.545095 1.000000 1.000000 1.000000
4964.685547 0.000000 2524.430420 0.000000 0.218350 0.000000 0.975870 1.000000 1.000000 1.000000
4990.584961 0.000000 2502.293457 0.000000 0.247025 0.000000 0.969009 1.000000 1.000000 1.000000
4961.144043 0.000000 2542.343750 0.000000 0.204143 0.000000 0.978941 1.000000 1.000000 1.000000
4930.884277 0.000000 2556.692139 0.000000 0.999020 0.000000 0.044272 1.000000 1.000000 1.000000
4927.423340 0.000000 2502.074463 0.000000 0.438624 0.000000 0.898671 1.000000 1.000000 1.000000
4942.554688 0.000000 2510.020020 0.000000 0.439691 0.000000 0.898149 1.000000 1.000000 1.000000
4962.150391 0.000000 2539.419434 0.000000 0.993560 0.000000 0.113310 1.000000 1.000000 1.000000
4986.378906 0.000000 2505.943848 0.000000 0.616582 0.000000 0.787290 1.000000 1.000000 1.000000
4927.470215 0.000000 2513.968018 0.000000 0.175146 0.000000 0.984542 1.000000 1.000000 1.000000
4966.829102 0.000000 2531.947510 0.000000 0.999999 0.000000 0.001386 1.000000 1.000000 1.000000
4953.066895 0.000000 2548.081787 0.000000 0.736522 0.000000 0.676413 1.000000 1.000000 1.000000
4933.924805 0.000000 2551.270752 0.000000 0.543464 0.000000 0.839432 1.000000 1.000000 1.000000
4963.860840 0.000000 2535.136963 0.000000 0.885071 0.000000 0.465457 1.000000 1.000000 1.000000
4929.348633 0.000000 2554.551270 0.000000 0.807753 0.000000 0.589521 1.000000 1.000000 1.000000
4960.949219 0.000000 2544.970947 0.000000 0.616437 0.000000 0.787404 1.000000 1.000000 1.000000
4977.861328 0.000000 2518.940430 0.000000 0.646174 0.000000 0.763190 1.000000 1.000000 1.000000
4966.195801 0.000000 2526.465576 0.000000 0.892975 0.000000 0.450106 1.000000 1.000000 1.000000
4964.905762 0.000000 2530.886230 0.000000 0.556983 0.000000 0.830524 1.000000 1.000000 1.000000
4965.470703 0.000000 2533.553467 0.000000 0.313452 0.000000 0.949604 1.000000 1.000000 1.000000
4960.155762 0.000000 2540.219971 0.000000 0.993385 0.000000 0.114828 1.000000 1.000000 1.000000
4959.862793 0.000000 2543.561768 0.000000 0.998233 0.000000 0.059428 1.000000 1.000000 1.000000
4993.708496 0.000000 2504.852539 0.000000 0.968435 0.000000 0.249267 1.000000 1.000000 1.000000
4847.692871 0.000000 2581.318359 0.000000 0.402228 0.000000 0.915539 1.000000 1.000000 1.000000
4795.879883 0.000000 2731.153320 0.000000 0.914969 0.000000 0.403525 1.000000 1.000000 1.000000
4755.061035 0.000000 2696.367432 0.000000 0.989842 0.000000 0.142174 1.000000 1.000000 1.000000
4744.223633 0.000000 2707.671875 0.000000 0.999081 0.000000 0.042873 1.000000 1.000000 1.000000
4788.306641 0.000000 2694.646973 0.000000 0.954049 0.000000 0.299651 1.000000 1.000000 1.000000
4796.852051 0.000000 2708.167480 0.000000 0.984697 0.000000 0.174276 1.000000 1.000000 1.000000
4740.675293 0.000000 2725.375977 0.000000 0.230415 0.000000 0.973092 1.000000 1.000000 1.000000
4778.030762 0.000000 2735.178467 0.000000 0.007042 0.000000 0.999975 1.000000 1.000000 1.000000
4750.161621 0.000000 2698.508789 0.000000 0.780589 0.000000 0.625045 1.000000 1.000000 1.000000
4740.333984 0.000000 2740.764648 0.000000 0.533122 0.000000 0.846038 1.000000 1.000000 1.000000
4787.292969 0.000000 2729.050293 0.000000 0.912585 0.000000 0.408886 1.000000 1.000000 1.000000
4753.796875 0.000000 2700.651855 0.000000 0.551175 0.000000 0.834390 1.000000 1.000000 1.000000
4791.929688 0.000000 2695.537109 0.000000 0.109316 0.000000 0.994007 1.000000 1.000000 1.000000
4740.690918 0.000000 2729.018066 0.000000 0.992423 0.000000 0.122872 1.000000 1.000000 1.000000
4743.859863 0.000000 2727.269287 0.000000 0.997242 0.000000 0.074213 1.000000 1.000000 1.000000
4742.675293 0.000000 2748.640381 0.000000 0.887044 0.000000 0.461685 1.000000 1.000000 1.000000
4780.809570 0.000000 2733.737793 0.000000 0.133474 0.000000 0.991052 1.000000 1.000000 1.000000
4740.831055 0.000000 2737.636963 0.000000 0.001328 0.000000 0.999999 1.000000 1.000000 1.000000
4749.340332 0.000000 2704.928467 0.000000 0.222450 0.000000 0.974944 1.000000 1.000000 1.000000
4799.401855 0.000000 2709.213135 0.000000 0.026145 0.000000 0.999658 1.000000 1.000000 1.000000
4739.268066 0.000000 2743.225830 0.000000 0.948303 0.000000 0.317366 1.000000 1.000000 1.000000
4738.389160 0.000000 2738.580566 0.000000 0.422802 0.000000 0.906222 1.000000 1.000000 1.000000
4789.755371 0.000000 2696.365967 0.000000 0.101014 0.000000 0.994885 1.000000 1.000000 1.000000
4800.916504 0.000000 2703.200195 0.000000 0.944679 0.000000 0.327997 1.000000 1.000000 1.000000
4810.787109 0.000000 2725.151855 0.000000 0.908616 0.000000 0.417633 1.000000 1.000000 1.000000
4807.671387 0.000000 2730.836182 0.000000 0.870011 0.000000 0.493032 1.000000 1.000000 1.000000
4804.667480 0.000000 2725.375977 0.000000 0.462490 0.000000 0.886625 1.000000 1.000000 1.000000
4807.581055 0.000000 2721.527100 0.000000 0.483065 0.000000 0.875585 1.000000 1.000000 1.000000
4801.759277 0.000000 2707.922119 0.000000 0.032279 0.000000 0.999479 1.000000 1.000000 1.000000
4811.015137 0.000000 2728.924561 0.000000 0.414676 0.000000 0.909969 1.000000 1.000000 1.000000
4815.196777 0.000000 2724.242188 0.000000 0.870775 0.000000 0.491681 1.000000 1.000000 1.000000
4804.683105 0.000000 2729.018066 0.000000 0.629578 0.000000 0.776938 1.000000 1.000000 1.000000
4807.852051 0.000000 2727.269287 0.000000 0.143151 0.000000 0.989701 1.000000 1.000000 1.000000
4892.179199 0.000000 2574.685791 0.000000 0.882981 0.000000 0.469409 1.000000 1.000000 1.000000
4877.390137 0.000000 2609.034424 0.000000 0.724340 0.000000 0.689443 1.000000 1.000000 1.000000
4889.596191 0.000000 2587.214355 0.000000 0.497221 0.000000 0.867624 1.000000 1.000000 1.000000
4894.483887 0.000000 2570.787354 0.000000 0.661503 0.000000 0.749942 1.000000 1.000000 1.000000
4896.069336 0.000000 2574.778564 0.000000 0.967770 0.000000 0.251836 1.000000 1.000000 1.000000
4921.764160 0.000000 2582.315674 0.000000 0.976757 0.000000 0.214348 1.000000 1.000000 1.000000
4875.915039 0.000000 2612.264404 0.000000 0.966722 0.000000 0.255829 1.000000 1.000000 1.000000
4878.865723 0.000000 2613.493652 0.000000 0.952177 0.000000 0.305547 1.000000 1.000000 1.000000
4897.290039 0.000000 2577.409668 0.000000 0.981991 0.000000 0.188927 1.000000 1.000000 1.000000
4898.224121 0.000000 2573.372314 0.000000 0.651823 0.000000 0.758371 1.000000 1.000000 1.000000
"}
object={
	name="tree_cypress_01_generator_1_1"
	render_pass=Map
	clamp_to_water_level=no
	generated_content=yes
	layer="tree_high_layer"
	pdxmesh="tree_cypress_01_b_mesh"
	count=72
	transform="4845.057617 0.000000 2547.845947 0.000000 0.751592 0.000000 -0.659629 1.000000 1.000000 1.000000
4838.366211 0.000000 2547.779053 0.000000 0.623811 0.000000 -0.781575 1.000000 1.000000 1.000000
4833.847656 0.000000 2547.385498 0.000000 0.958652 0.000000 -0.284580 1.000000 1.000000 1.000000
4844.835449 0.000000 2521.260742 0.000000 0.997787 0.000000 -0.066493 1.000000 1.000000 1.000000
4840.828125 0.000000 2529.823730 0.000000 0.917343 0.000000 -0.398097 1.000000 1.000000 1.000000
4847.045898 0.000000 2550.927002 0.000000 0.999662 0.000000 -0.025993 1.000000 1.000000 1.000000
4832.554199 0.000000 2553.796631 0.000000 0.631546 0.000000 -0.775338 1.000000 1.000000 1.000000
4838.844727 0.000000 2531.947510 0.000000 0.998443 0.000000 -0.055778 1.000000 1.000000 1.000000
4836.852539 0.000000 2550.169189 0.000000 0.953154 0.000000 -0.302485 1.000000 1.000000 1.000000
4894.721191 0.000000 2487.340088 0.000000 0.972288 0.000000 -0.233787 1.000000 1.000000 1.000000
4873.768555 0.000000 2493.104248 0.000000 0.656968 0.000000 -0.753918 1.000000 1.000000 1.000000
4897.839844 0.000000 2483.401123 0.000000 0.732962 0.000000 -0.680269 1.000000 1.000000 1.000000
4907.947754 0.000000 2494.171631 0.000000 0.724033 0.000000 -0.689766 1.000000 1.000000 1.000000
4911.114746 0.000000 2493.607422 0.000000 0.829829 0.000000 -0.558017 1.000000 1.000000 1.000000
4882.879883 0.000000 2493.251953 0.000000 0.835501 0.000000 -0.549489 1.000000 1.000000 1.000000
4925.573730 0.000000 2546.476807 0.000000 0.916333 0.000000 -0.400418 1.000000 1.000000 1.000000
4926.765625 0.000000 2551.460449 0.000000 0.965034 0.000000 -0.262123 1.000000 1.000000 1.000000
4887.695801 0.000000 2505.314209 0.000000 0.942824 0.000000 -0.333291 1.000000 1.000000 1.000000
4925.420898 0.000000 2505.658447 0.000000 0.637672 0.000000 -0.770308 1.000000 1.000000 1.000000
4926.995605 0.000000 2542.240967 0.000000 0.999616 0.000000 -0.027694 1.000000 1.000000 1.000000
4888.864746 0.000000 2497.053223 0.000000 0.749795 0.000000 -0.661670 1.000000 1.000000 1.000000
4926.065918 0.000000 2519.706299 0.000000 0.832665 0.000000 -0.553778 1.000000 1.000000 1.000000
4907.722656 0.000000 2495.543457 0.000000 0.684493 0.000000 -0.729020 1.000000 1.000000 1.000000
4902.836914 0.000000 2495.444580 0.000000 0.967287 0.000000 -0.253685 1.000000 1.000000 1.000000
4922.270508 0.000000 2515.734863 0.000000 0.733961 0.000000 -0.679191 1.000000 1.000000 1.000000
4923.934082 0.000000 2514.032227 0.000000 0.999912 0.000000 -0.013240 1.000000 1.000000 1.000000
4926.513672 0.000000 2549.221436 0.000000 0.794060 0.000000 -0.607840 1.000000 1.000000 1.000000
4892.168457 0.000000 2499.012207 0.000000 0.787268 0.000000 -0.616611 1.000000 1.000000 1.000000
4925.117676 0.000000 2513.206787 0.000000 0.913500 0.000000 -0.406838 1.000000 1.000000 1.000000
4964.603516 0.000000 2541.308350 0.000000 0.684813 0.000000 -0.728719 1.000000 1.000000 1.000000
4932.960449 0.000000 2553.946533 0.000000 0.895196 0.000000 -0.445673 1.000000 1.000000 1.000000
4951.069824 0.000000 2545.806152 0.000000 0.881178 0.000000 -0.472785 1.000000 1.000000 1.000000
4927.899902 0.000000 2546.507324 0.000000 0.712689 0.000000 -0.701480 1.000000 1.000000 1.000000
4967.326660 0.000000 2520.974365 0.000000 0.928974 0.000000 -0.370145 1.000000 1.000000 1.000000
4967.246094 0.000000 2534.829834 0.000000 0.994666 0.000000 -0.103148 1.000000 1.000000 1.000000
4929.716309 0.000000 2504.852539 0.000000 0.978699 0.000000 -0.205300 1.000000 1.000000 1.000000
4953.103516 0.000000 2551.182373 0.000000 0.969178 0.000000 -0.246363 1.000000 1.000000 1.000000
4968.557617 0.000000 2525.545410 0.000000 0.999189 0.000000 -0.040258 1.000000 1.000000 1.000000
4963.412598 0.000000 2532.531250 0.000000 0.999545 0.000000 -0.030174 1.000000 1.000000 1.000000
4968.812500 0.000000 2529.823730 0.000000 0.996722 0.000000 -0.080900 1.000000 1.000000 1.000000
4964.681152 0.000000 2537.669922 0.000000 0.707019 0.000000 -0.707194 1.000000 1.000000 1.000000
4927.519531 0.000000 2507.878174 0.000000 0.936112 0.000000 -0.351701 1.000000 1.000000 1.000000
4944.007324 0.000000 2518.410889 0.000000 0.915839 0.000000 -0.401545 1.000000 1.000000 1.000000
4979.611816 0.000000 2517.119873 0.000000 0.863406 0.000000 -0.504509 1.000000 1.000000 1.000000
4931.244629 0.000000 2551.272705 0.000000 0.733755 0.000000 -0.679415 1.000000 1.000000 1.000000
4981.072754 0.000000 2513.800049 0.000000 0.993344 0.000000 -0.115189 1.000000 1.000000 1.000000
4958.883789 0.000000 2541.884033 0.000000 0.962004 0.000000 -0.273034 1.000000 1.000000 1.000000
4957.843750 0.000000 2546.308105 0.000000 0.972902 0.000000 -0.231217 1.000000 1.000000 1.000000
4961.068359 0.000000 2538.018555 0.000000 0.985033 0.000000 -0.172366 1.000000 1.000000 1.000000
4991.415527 0.000000 2502.074463 0.000000 0.938692 0.000000 -0.344757 1.000000 1.000000 1.000000
4743.589355 0.000000 2716.668213 0.000000 0.964885 0.000000 -0.262672 1.000000 1.000000 1.000000
4781.311523 0.000000 2730.644287 0.000000 0.661717 0.000000 -0.749754 1.000000 1.000000 1.000000
4743.679199 0.000000 2730.836182 0.000000 0.634935 0.000000 -0.772566 1.000000 1.000000 1.000000
4743.588867 0.000000 2721.527100 0.000000 0.792738 0.000000 -0.609563 1.000000 1.000000 1.000000
4749.020508 0.000000 2708.127197 0.000000 0.826504 0.000000 -0.562931 1.000000 1.000000 1.000000
4783.665039 0.000000 2735.542725 0.000000 0.950895 0.000000 -0.309513 1.000000 1.000000 1.000000
4744.683105 0.000000 2742.170410 0.000000 0.952775 0.000000 -0.303676 1.000000 1.000000 1.000000
4790.118164 0.000000 2698.607666 0.000000 0.941865 0.000000 -0.335993 1.000000 1.000000 1.000000
4797.732422 0.000000 2727.489014 0.000000 0.856242 0.000000 -0.516574 1.000000 1.000000 1.000000
4741.948242 0.000000 2743.223877 0.000000 0.745048 0.000000 -0.667011 1.000000 1.000000 1.000000
4739.102539 0.000000 2746.947510 0.000000 0.786192 0.000000 -0.617982 1.000000 1.000000 1.000000
4740.595215 0.000000 2744.261230 0.000000 0.975459 0.000000 -0.220181 1.000000 1.000000 1.000000
4799.448730 0.000000 2726.145020 0.000000 0.636334 0.000000 -0.771413 1.000000 1.000000 1.000000
4804.099121 0.000000 2731.864746 0.000000 0.895547 0.000000 -0.444967 1.000000 1.000000 1.000000
4897.195801 0.000000 2580.286865 0.000000 0.845555 0.000000 -0.533889 1.000000 1.000000 1.000000
4921.817383 0.000000 2572.900391 0.000000 0.588784 0.000000 -0.808291 1.000000 1.000000 1.000000
4871.967773 0.000000 2609.243164 0.000000 0.826989 0.000000 -0.562218 1.000000 1.000000 1.000000
4888.421875 0.000000 2581.707275 0.000000 0.984757 0.000000 -0.173938 1.000000 1.000000 1.000000
4918.778320 0.000000 2579.901367 0.000000 0.711202 0.000000 -0.702988 1.000000 1.000000 1.000000
4881.487793 0.000000 2611.819092 0.000000 0.787656 0.000000 -0.616116 1.000000 1.000000 1.000000
4885.471680 0.000000 2603.997803 0.000000 0.980318 0.000000 -0.197426 1.000000 1.000000 1.000000
4903.641602 0.000000 2571.409912 0.000000 0.999084 0.000000 -0.042801 1.000000 1.000000 1.000000
"}
object={
	name="tree_cypress_01_generator_1_2"
	render_pass=Map
	clamp_to_water_level=no
	generated_content=yes
	layer="tree_high_layer"
	pdxmesh="tree_cypress_01_c_mesh"
	count=41
	transform="4845.552246 0.000000 2525.677002 0.000000 0.236748 0.000000 -0.971571 1.000000 1.000000 1.000000
4837.398438 0.000000 2552.815430 0.000000 0.091909 0.000000 -0.995767 1.000000 1.000000 1.000000
4891.911133 0.000000 2494.379639 0.000000 0.562952 0.000000 -0.826490 1.000000 1.000000 1.000000
4902.358398 0.000000 2483.794678 0.000000 0.345537 0.000000 -0.938405 1.000000 1.000000 1.000000
4897.657715 0.000000 2492.559326 0.000000 0.066868 0.000000 -0.997762 1.000000 1.000000 1.000000
4880.783203 0.000000 2488.722412 0.000000 0.301497 0.000000 -0.953467 1.000000 1.000000 1.000000
4890.376465 0.000000 2537.196045 0.000000 0.005768 0.000000 -0.999983 1.000000 1.000000 1.000000
4872.208008 0.000000 2515.718750 0.000000 0.182204 0.000000 -0.983261 1.000000 1.000000 1.000000
4924.836426 0.000000 2516.214355 0.000000 0.556670 0.000000 -0.830734 1.000000 1.000000 1.000000
4883.770508 0.000000 2499.021240 0.000000 0.564852 0.000000 -0.825192 1.000000 1.000000 1.000000
4877.449707 0.000000 2519.953613 0.000000 0.402403 0.000000 -0.915463 1.000000 1.000000 1.000000
4893.550781 0.000000 2500.044678 0.000000 0.497735 0.000000 -0.867329 1.000000 1.000000 1.000000
4884.612305 0.000000 2501.258057 0.000000 0.418434 0.000000 -0.908247 1.000000 1.000000 1.000000
4890.937012 0.000000 2497.867676 0.000000 0.082164 0.000000 -0.996619 1.000000 1.000000 1.000000
4925.809570 0.000000 2510.434570 0.000000 0.027473 0.000000 -0.999623 1.000000 1.000000 1.000000
4975.677246 0.000000 2517.333984 0.000000 0.388742 0.000000 -0.921347 1.000000 1.000000 1.000000
4927.771484 0.000000 2498.683838 0.000000 0.558709 0.000000 -0.829364 1.000000 1.000000 1.000000
4947.274902 0.000000 2516.869385 0.000000 0.001244 0.000000 -0.999999 1.000000 1.000000 1.000000
4961.832031 0.000000 2547.385498 0.000000 0.419051 0.000000 -0.907963 1.000000 1.000000 1.000000
4989.413086 0.000000 2505.658447 0.000000 0.526651 0.000000 -0.850082 1.000000 1.000000 1.000000
4985.501953 0.000000 2513.182129 0.000000 0.119742 0.000000 -0.992805 1.000000 1.000000 1.000000
4950.520996 0.000000 2552.465820 0.000000 0.349827 0.000000 -0.936814 1.000000 1.000000 1.000000
4955.673828 0.000000 2550.410889 0.000000 0.530160 0.000000 -0.847897 1.000000 1.000000 1.000000
4983.377930 0.000000 2513.806641 0.000000 0.317349 0.000000 -0.948309 1.000000 1.000000 1.000000
4966.931641 0.000000 2528.692139 0.000000 0.576876 0.000000 -0.816832 1.000000 1.000000 1.000000
4927.400391 0.000000 2553.779541 0.000000 0.148170 0.000000 -0.988962 1.000000 1.000000 1.000000
4790.475586 0.000000 2688.095947 0.000000 0.189075 0.000000 -0.981963 1.000000 1.000000 1.000000
4792.116211 0.000000 2726.939941 0.000000 0.509511 0.000000 -0.860464 1.000000 1.000000 1.000000
4759.711426 0.000000 2697.267334 0.000000 0.457463 0.000000 -0.889229 1.000000 1.000000 1.000000
4791.710449 0.000000 2731.101807 0.000000 0.027483 0.000000 -0.999622 1.000000 1.000000 1.000000
4743.436523 0.000000 2724.437012 0.000000 0.359616 0.000000 -0.933100 1.000000 1.000000 1.000000
4778.800293 0.000000 2732.297363 0.000000 0.381130 0.000000 -0.924522 1.000000 1.000000 1.000000
4743.745605 0.000000 2744.080322 0.000000 0.280486 0.000000 -0.959858 1.000000 1.000000 1.000000
4739.051270 0.000000 2745.263428 0.000000 0.565885 0.000000 -0.824484 1.000000 1.000000 1.000000
4814.997559 0.000000 2720.292725 0.000000 0.016081 0.000000 -0.999871 1.000000 1.000000 1.000000
4876.834473 0.000000 2615.822998 0.000000 0.492996 0.000000 -0.870032 1.000000 1.000000 1.000000
4893.032227 0.000000 2578.789062 0.000000 0.406807 0.000000 -0.913514 1.000000 1.000000 1.000000
4921.509766 0.000000 2577.166504 0.000000 0.533283 0.000000 -0.845937 1.000000 1.000000 1.000000
4900.996094 0.000000 2573.107422 0.000000 0.329137 0.000000 -0.944282 1.000000 1.000000 1.000000
4895.998535 0.000000 2583.255615 0.000000 0.521054 0.000000 -0.853524 1.000000 1.000000 1.000000
4886.721191 0.000000 2587.909912 0.000000 0.412101 0.000000 -0.911138 1.000000 1.000000 1.000000
"}
