object={
	name="tree_palm_generator_1_0"
	render_pass=Map
	clamp_to_water_level=no
	generated_content=yes
	layer="tree_high_layer"
	pdxmesh="tree_palm_01_a_mesh"
	count=94
	transform="3864.727539 0.000000 1723.678467 0.000000 0.968163 0.000000 -0.250322 0.727237 0.727237 0.727237
3871.050537 0.000000 1716.558350 0.000000 0.276258 0.000000 0.961083 0.396800 0.396800 0.396800
3866.876709 0.000000 1724.490967 0.000000 0.982019 0.000000 -0.188782 0.711152 0.711152 0.711152
3873.021484 0.000000 1717.562500 0.000000 0.645500 0.000000 0.763760 0.611299 0.611299 0.611299
3877.038574 0.000000 1699.089478 0.000000 0.168085 0.000000 0.985772 0.558883 0.558883 0.558883
3877.603516 0.000000 1701.756592 0.000000 0.976596 0.000000 -0.215084 0.750310 0.750310 0.750310
3866.889648 0.000000 1722.994019 0.000000 0.469486 0.000000 0.882940 0.516947 0.516947 0.516947
3876.907227 0.000000 1700.472412 0.000000 0.481704 0.000000 0.876334 0.452093 0.452093 0.452093
3876.088135 0.000000 1701.994629 0.000000 0.484085 0.000000 0.875021 0.452724 0.452724 0.452724
3855.904053 0.000000 1789.719604 0.000000 0.675179 0.000000 -0.737654 0.751032 0.751032 0.751032
3864.938477 0.000000 1764.308838 0.000000 0.835876 0.000000 -0.548918 0.749555 0.749555 0.749555
3867.100098 0.000000 1759.828369 0.000000 0.638313 0.000000 -0.769777 0.833873 0.833873 0.833873
3867.877930 0.000000 1757.106812 0.000000 0.559626 0.000000 0.828746 0.355839 0.355839 0.355839
3865.041992 0.000000 1758.046997 0.000000 0.991172 0.000000 0.132580 0.694981 0.694981 0.694981
3862.919678 0.000000 1765.872437 0.000000 0.998815 0.000000 -0.048665 0.708304 0.708304 0.708304
3855.062988 0.000000 1791.552246 0.000000 0.883707 0.000000 -0.468040 0.834830 0.834830 0.834830
3866.300049 0.000000 1756.950562 0.000000 0.725092 0.000000 -0.688652 0.967627 0.967627 0.967627
3866.783691 0.000000 1758.332642 0.000000 0.892914 0.000000 -0.450228 0.771169 0.771169 0.771169
3863.491455 0.000000 1764.555664 0.000000 0.214523 0.000000 -0.976719 0.931045 0.931045 0.931045
3854.558838 0.000000 1790.322754 0.000000 0.621016 0.000000 0.783798 0.450655 0.450655 0.450655
3855.973389 0.000000 1790.876221 0.000000 0.228039 0.000000 0.973652 0.328862 0.328862 0.328862
3814.769287 0.000000 1904.244751 0.000000 0.610706 0.000000 -0.791858 0.747272 0.747272 0.747272
3802.884521 0.000000 1916.444092 0.000000 0.245737 0.000000 -0.969336 1.042059 1.042059 1.042059
3823.263428 0.000000 1899.236206 0.000000 0.184640 0.000000 -0.982806 0.949802 0.949802 0.949802
3813.234863 0.000000 1903.242310 0.000000 0.344496 0.000000 -0.938788 0.867029 0.867029 0.867029
3822.548340 0.000000 1897.717285 0.000000 0.924405 0.000000 -0.381412 0.772217 0.772217 0.772217
3802.633545 0.000000 1917.933594 0.000000 0.973298 0.000000 -0.229543 0.759904 0.759904 0.759904
3823.061279 0.000000 1896.273560 0.000000 0.975619 0.000000 0.219472 0.659165 0.659165 0.659165
3803.837646 0.000000 1917.287842 0.000000 0.839346 0.000000 0.543597 0.551354 0.551354 0.551354
3816.898193 0.000000 1963.054932 0.000000 0.522061 0.000000 -0.852908 0.737132 0.737132 0.737132
3817.184326 0.000000 1960.595337 0.000000 0.979292 0.000000 0.202454 0.689169 0.689169 0.689169
3819.185791 0.000000 1962.129395 0.000000 0.577197 0.000000 -0.816605 0.804197 0.804197 0.804197
3804.320312 0.000000 1932.785522 0.000000 0.712996 0.000000 0.701168 0.602229 0.602229 0.602229
3802.972900 0.000000 1933.870117 0.000000 0.802334 0.000000 0.596876 0.552456 0.552456 0.552456
3818.601318 0.000000 1960.790771 0.000000 0.597726 0.000000 -0.801700 0.846944 0.846944 0.846944
3803.107422 0.000000 1932.622192 0.000000 0.395241 0.000000 -0.918577 0.968620 0.968620 0.968620
3824.643799 0.000000 1994.153442 0.000000 0.055656 0.000000 0.998450 0.386502 0.386502 0.386502
3826.707031 0.000000 1995.627563 0.000000 0.942074 0.000000 0.335405 0.667005 0.667005 0.667005
3824.551758 0.000000 1995.642090 0.000000 0.612527 0.000000 0.790449 0.511389 0.511389 0.511389
3825.718262 0.000000 1994.785278 0.000000 0.948281 0.000000 0.317433 0.633162 0.633162 0.633162
3848.092529 0.000000 1841.430664 0.000000 0.030343 0.000000 -0.999540 0.710768 0.710768 0.710768
3851.314697 0.000000 1824.729980 0.000000 0.005884 0.000000 0.999983 0.614674 0.614674 0.614674
3849.926758 0.000000 1827.026367 0.000000 0.650019 0.000000 0.759918 0.588975 0.588975 0.588975
3849.787842 0.000000 1843.356812 0.000000 0.903639 0.000000 0.428294 0.591093 0.591093 0.591093
3851.557373 0.000000 1842.128784 0.000000 0.933497 0.000000 0.358585 0.658468 0.658468 0.658468
3849.286621 0.000000 1824.839111 0.000000 0.462166 0.000000 0.886794 0.576524 0.576524 0.576524
3848.345947 0.000000 1827.264893 0.000000 0.438230 0.000000 0.898863 0.556307 0.556307 0.556307
3848.128906 0.000000 1842.991577 0.000000 0.983421 0.000000 0.181339 0.655132 0.655132 0.655132
3842.812256 0.000000 1861.418335 0.000000 0.995935 0.000000 0.090074 0.683229 0.683229 0.683229
3844.895752 0.000000 1861.575806 0.000000 0.924449 0.000000 -0.381307 0.765632 0.765632 0.765632
3843.946777 0.000000 1860.647949 0.000000 0.828021 0.000000 0.560698 0.589322 0.589322 0.589322
325.522491 0.000000 2425.977783 0.000000 0.378977 0.000000 -0.925406 1.121429 1.121429 1.121429
330.322662 0.000000 2429.119873 0.000000 0.759247 0.000000 0.650802 0.599937 0.599937 0.599937
328.866760 0.000000 2426.068604 0.000000 0.180304 0.000000 -0.983611 1.032187 1.032187 1.032187
327.213928 0.000000 2428.718506 0.000000 0.554427 0.000000 0.832232 0.491081 0.491081 0.491081
323.806549 0.000000 2423.303955 0.000000 0.143858 0.000000 0.989598 0.191465 0.191465 0.191465
328.539612 0.000000 2430.520264 0.000000 0.999997 0.000000 -0.002516 0.700682 0.700682 0.700682
323.590088 0.000000 2425.341553 0.000000 0.902435 0.000000 0.430825 0.630257 0.630257 0.630257
328.893982 0.000000 2427.928955 0.000000 0.648972 0.000000 -0.760812 0.906691 0.906691 0.906691
327.186646 0.000000 2426.732178 0.000000 0.997884 0.000000 0.065016 0.681080 0.681080 0.681080
331.404419 0.000000 2430.442383 0.000000 0.115427 0.000000 -0.993316 1.045838 1.045838 1.045838
325.134003 0.000000 2424.339355 0.000000 0.524642 0.000000 -0.851323 1.063103 1.063103 1.063103
327.140991 0.000000 2431.266113 0.000000 0.607240 0.000000 0.794518 0.587032 0.587032 0.587032
326.779541 0.000000 2424.914551 0.000000 0.396329 0.000000 0.918108 0.395873 0.395873 0.395873
325.181061 0.000000 2422.360352 0.000000 0.809516 0.000000 0.587097 0.476303 0.476303 0.476303
322.167542 0.000000 2422.644043 0.000000 0.085516 0.000000 0.996337 0.170524 0.170524 0.170524
329.988586 0.000000 2430.855225 0.000000 0.981791 0.000000 0.189966 0.648162 0.648162 0.648162
322.650879 0.000000 2424.218750 0.000000 0.927253 0.000000 0.374437 0.639905 0.639905 0.639905
328.514862 0.000000 2429.193848 0.000000 0.805463 0.000000 0.592646 0.554557 0.554557 0.554557
327.360229 0.000000 2429.980469 0.000000 0.997091 0.000000 -0.076218 0.716212 0.716212 0.716212
329.897400 0.000000 2427.122559 0.000000 0.527044 0.000000 0.849838 0.457183 0.457183 0.457183
326.481079 0.000000 2427.777832 0.000000 0.407027 0.000000 -0.913416 1.034883 1.034883 1.034883
327.737244 0.000000 2425.666748 0.000000 0.512785 0.000000 -0.858517 0.969902 0.969902 0.969902
331.342529 0.000000 2432.193115 0.000000 0.999768 0.000000 0.021547 0.693583 0.693583 0.693583
328.044830 0.000000 2432.744141 0.000000 0.537356 0.000000 0.843356 0.357678 0.357678 0.357678
329.834473 0.000000 2433.410645 0.000000 0.673935 0.000000 -0.738791 0.983571 0.983571 0.983571
329.181305 0.000000 2431.547852 0.000000 0.149895 0.000000 0.988702 0.314770 0.314770 0.314770
327.109192 0.000000 2431.437012 0.000000 0.968344 0.000000 -0.249620 0.731039 0.731039 0.731039
331.696838 0.000000 2433.342529 0.000000 0.943296 0.000000 -0.331952 0.800763 0.800763 0.800763
330.172729 0.000000 2432.288818 0.000000 0.982644 0.000000 -0.185500 0.755561 0.755561 0.755561
3833.949951 0.000000 2061.025391 0.000000 0.990520 0.000000 -0.137368 0.703083 0.703083 0.703083
3837.126465 0.000000 2080.582275 0.000000 0.681688 0.000000 0.731643 0.596731 0.596731 0.596731
3834.928711 0.000000 2063.238525 0.000000 0.902664 0.000000 0.430347 0.617900 0.617900 0.617900
3838.854492 0.000000 2081.764648 0.000000 0.979056 0.000000 -0.203593 0.730384 0.730384 0.730384
3835.138916 0.000000 2061.781982 0.000000 0.997626 0.000000 0.068867 0.691906 0.691906 0.691906
3838.547119 0.000000 2080.433105 0.000000 0.982600 0.000000 0.185736 0.672314 0.672314 0.672314
3847.114258 0.000000 2094.148438 0.000000 0.536780 0.000000 0.843722 0.537146 0.537146 0.537146
3839.606201 0.000000 2078.575439 0.000000 0.681297 0.000000 0.732007 0.660962 0.660962 0.660962
3870.314209 0.000000 2105.553467 0.000000 0.926076 0.000000 0.377338 0.581534 0.581534 0.581534
3846.252441 0.000000 2092.319824 0.000000 0.983728 0.000000 -0.179666 0.732327 0.732327 0.732327
3847.410889 0.000000 2095.984863 0.000000 0.764951 0.000000 -0.644089 0.813496 0.813496 0.813496
3847.702148 0.000000 2092.510986 0.000000 0.890011 0.000000 0.455938 0.615279 0.615279 0.615279
3871.622314 0.000000 2104.902588 0.000000 0.027405 0.000000 0.999624 0.227451 0.227451 0.227451
3870.110352 0.000000 2104.328857 0.000000 0.834228 0.000000 -0.551419 0.878827 0.878827 0.878827
"}
