object={
	name="tree_leaf_2_high_generator_1_0"
	render_pass=Map
	clamp_to_water_level=no
	generated_content=yes
	layer="tree_high_layer"
	pdxmesh="tree_leaf_01_a_mesh"
	count=6
	transform="4701.525879 0.000000 2598.947510 0.000000 0.273839 0.000000 0.961775 0.516690 0.516690 0.516690
4703.240234 0.000000 2601.596680 0.000000 0.900756 0.000000 0.434326 0.565004 0.565004 0.565004
4628.906250 0.000000 2740.145020 0.000000 0.718356 0.000000 0.695676 0.460554 0.460554 0.460554
4637.575684 0.000000 2739.793457 0.000000 0.663090 0.000000 0.748539 0.307315 0.307315 0.307315
4625.199707 0.000000 2763.200439 0.000000 0.903120 0.000000 0.429387 0.521553 0.521553 0.521553
4625.381836 0.000000 2767.648926 0.000000 0.888617 0.000000 0.458651 0.500792 0.500792 0.500792
"}
object={
	name="tree_leaf_2_high_generator_1_1"
	render_pass=Map
	clamp_to_water_level=no
	generated_content=yes
	layer="tree_high_layer"
	pdxmesh="tree_leaf_01_b_mesh"
	count=13
	transform="4708.634766 0.000000 2605.292725 0.000000 0.969088 0.000000 -0.246716 0.601120 0.601120 0.601120
4711.277344 0.000000 2598.814209 0.000000 0.383623 0.000000 -0.923490 0.626448 0.626448 0.626448
4702.156738 0.000000 2603.569092 0.000000 0.317395 0.000000 -0.948293 0.633645 0.633645 0.633645
4700.945801 0.000000 2601.297607 0.000000 0.862711 0.000000 -0.505697 0.642886 0.642886 0.642886
4636.106445 0.000000 2739.753418 0.000000 0.999775 0.000000 -0.021203 0.607337 0.607337 0.607337
4633.105957 0.000000 2740.034912 0.000000 0.987756 0.000000 -0.156004 0.619475 0.619475 0.619475
4625.383789 0.000000 2742.292969 0.000000 0.627654 0.000000 -0.778492 0.660144 0.660144 0.660144
4637.882812 0.000000 2738.261230 0.000000 0.331086 0.000000 -0.943600 1.026763 1.026763 1.026763
4631.525879 0.000000 2741.638428 0.000000 0.000204 0.000000 -1.000000 0.915253 0.915253 0.915253
4639.975098 0.000000 2738.632324 0.000000 0.997997 0.000000 -0.063262 0.605215 0.605215 0.605215
4632.902344 0.000000 2738.120850 0.000000 0.124256 0.000000 -0.992250 0.877291 0.877291 0.877291
4625.812500 0.000000 2764.636230 0.000000 0.067141 0.000000 -0.997743 0.861266 0.861266 0.861266
4624.672852 0.000000 2766.374512 0.000000 0.959604 0.000000 -0.281355 0.659383 0.659383 0.659383
"}
