object={
	name="tree_pine_01_b_generator_1_0"
	render_pass=Map
	clamp_to_water_level=no
	generated_content=yes
	layer="tree_high_layer"
	pdxmesh="tree_pine_01_b_mesh"
	count=977
	transform="4733.740234 0.000000 3047.410889 0.000000 0.705196 0.000000 -0.709012 0.400000 0.400000 0.400000
4772.626953 0.000000 3053.183350 0.000000 0.004089 0.000000 -0.999992 0.400000 0.400000 0.400000
4795.973145 0.000000 3067.986328 0.000000 0.611344 0.000000 0.791365 0.400000 0.400000 0.400000
4785.784180 0.000000 3067.658203 0.000000 0.405434 0.000000 -0.914124 0.400000 0.400000 0.400000
4766.138184 0.000000 3043.074463 0.000000 0.887426 0.000000 -0.460951 0.400000 0.400000 0.400000
4743.679199 0.000000 3050.758057 0.000000 0.231844 0.000000 -0.972753 0.400000 0.400000 0.400000
4745.784180 0.000000 3068.963623 0.000000 0.869432 0.000000 0.494053 0.400000 0.400000 0.400000
4798.781250 0.000000 3063.335449 0.000000 0.483933 0.000000 -0.875105 0.400000 0.400000 0.400000
4766.148926 0.000000 3051.459717 0.000000 0.160779 0.000000 0.986990 0.400000 0.400000 0.400000
4799.011230 0.000000 3054.115967 0.000000 0.457525 0.000000 -0.889197 0.400000 0.400000 0.400000
4794.606445 0.000000 3062.826904 0.000000 0.399182 0.000000 0.916872 0.400000 0.400000 0.400000
4796.300781 0.000000 3060.727783 0.000000 0.928166 0.000000 0.372168 0.400000 0.400000 0.400000
4771.884277 0.000000 3047.011963 0.000000 0.998765 0.000000 -0.049681 0.400000 0.400000 0.400000
4820.380371 0.000000 3066.312012 0.000000 0.020654 0.000000 0.999787 0.400000 0.400000 0.400000
4856.054688 0.000000 3059.619873 0.000000 0.907800 0.000000 -0.419404 0.400000 0.400000 0.400000
4804.976074 0.000000 3065.821533 0.000000 0.309670 0.000000 0.950844 0.400000 0.400000 0.400000
4845.057617 0.000000 3059.720947 0.000000 0.893886 0.000000 0.448295 0.400000 0.400000 0.400000
4859.872070 0.000000 3051.075195 0.000000 0.998626 0.000000 0.052398 0.400000 0.400000 0.400000
4800.128418 0.000000 3041.431396 0.000000 0.033128 0.000000 0.999451 0.400000 0.400000 0.400000
4812.842285 0.000000 3063.713623 0.000000 0.383710 0.000000 -0.923454 0.400000 0.400000 0.400000
4860.684570 0.000000 3043.417480 0.000000 0.667636 0.000000 0.744488 0.400000 0.400000 0.400000
4830.130371 0.000000 3043.074463 0.000000 0.003132 0.000000 0.999995 0.400000 0.400000 0.400000
4814.997559 0.000000 3040.214600 0.000000 0.639083 0.000000 0.769138 0.400000 0.400000 0.400000
4799.516602 0.000000 3068.337158 0.000000 0.988088 0.000000 0.153891 0.400000 0.400000 0.400000
4850.590332 0.000000 3061.831055 0.000000 0.505765 0.000000 0.862671 0.400000 0.400000 0.400000
4861.581543 0.000000 3058.351807 0.000000 0.864363 0.000000 -0.502868 0.400000 0.400000 0.400000
4809.776367 0.000000 3068.963623 0.000000 0.889134 0.000000 0.457646 0.400000 0.400000 0.400000
4815.787109 0.000000 3069.406982 0.000000 0.960217 0.000000 0.279255 0.400000 0.400000 0.400000
4825.119141 0.000000 3063.057373 0.000000 0.690645 0.000000 0.723194 0.400000 0.400000 0.400000
4804.992188 0.000000 3071.203369 0.000000 0.198452 0.000000 -0.980111 0.400000 0.400000 0.400000
4804.326172 0.000000 3060.686523 0.000000 0.304295 0.000000 -0.952578 0.400000 0.400000 0.400000
4800.714355 0.000000 3063.811523 0.000000 0.169942 0.000000 0.985454 0.400000 0.400000 0.400000
4808.675293 0.000000 3062.092285 0.000000 0.808310 0.000000 0.588757 0.400000 0.400000 0.400000
4863.003418 0.000000 3054.115967 0.000000 0.737260 0.000000 0.675609 0.400000 0.400000 0.400000
4816.791016 0.000000 3064.581787 0.000000 0.182026 0.000000 -0.983294 0.400000 0.400000 0.400000
4799.622070 0.000000 3053.700928 0.000000 0.903698 0.000000 0.428170 0.400000 0.400000 0.400000
4813.035645 0.000000 3067.285645 0.000000 0.944606 0.000000 -0.328207 0.400000 0.400000 0.400000
4808.320312 0.000000 3065.912354 0.000000 0.422020 0.000000 -0.906587 0.400000 0.400000 0.400000
4806.667480 0.000000 3068.562256 0.000000 0.777757 0.000000 -0.628565 0.400000 0.400000 0.400000
4860.306152 0.000000 3055.589355 0.000000 0.169777 0.000000 -0.985483 0.400000 0.400000 0.400000
4822.536621 0.000000 3064.340820 0.000000 0.602185 0.000000 -0.798357 0.400000 0.400000 0.400000
4863.034180 0.000000 3050.975342 0.000000 0.513012 0.000000 -0.858381 0.400000 0.400000 0.400000
4813.113770 0.000000 3070.129639 0.000000 0.622259 0.000000 -0.782811 0.400000 0.400000 0.400000
4805.940430 0.000000 3063.145752 0.000000 0.696838 0.000000 0.717228 0.400000 0.400000 0.400000
4810.297852 0.000000 3064.337646 0.000000 0.897827 0.000000 0.440349 0.400000 0.400000 0.400000
4864.120605 0.000000 3041.431396 0.000000 0.698970 0.000000 -0.715150 0.400000 0.400000 0.400000
4863.907715 0.000000 3058.382324 0.000000 0.081211 0.000000 0.996697 0.400000 0.400000 0.400000
4868.659668 0.000000 3045.297852 0.000000 0.890701 0.000000 -0.454590 0.400000 0.400000 0.400000
4925.573730 0.000000 3058.351807 0.000000 0.938474 0.000000 -0.345349 0.400000 0.400000 0.400000
4926.765625 0.000000 3063.335449 0.000000 0.587282 0.000000 0.809382 0.400000 0.400000 0.400000
4926.995605 0.000000 3054.115967 0.000000 0.480311 0.000000 -0.877098 0.400000 0.400000 0.400000
4863.614258 0.000000 3053.700928 0.000000 0.906769 0.000000 -0.421628 0.400000 0.400000 0.400000
4898.158203 0.000000 3051.294434 0.000000 0.938768 0.000000 0.344551 0.400000 0.400000 0.400000
4866.214844 0.000000 3047.207764 0.000000 0.814660 0.000000 0.579938 0.400000 0.400000 0.400000
4889.074707 0.000000 3059.956787 0.000000 0.986307 0.000000 -0.164919 0.400000 0.400000 0.400000
4863.615234 0.000000 3048.539307 0.000000 0.698254 0.000000 0.715850 0.400000 0.400000 0.400000
4932.960449 0.000000 3065.821533 0.000000 0.438274 0.000000 0.898841 0.400000 0.400000 0.400000
4973.041992 0.000000 3059.720947 0.000000 0.847635 0.000000 0.530579 0.400000 0.400000 0.400000
4935.959961 0.000000 3057.133789 0.000000 0.155473 0.000000 0.987840 0.400000 0.400000 0.400000
4927.899902 0.000000 3058.382324 0.000000 0.946230 0.000000 -0.323495 0.400000 0.400000 0.400000
4940.826660 0.000000 3063.713623 0.000000 0.195678 0.000000 -0.980668 0.400000 0.400000 0.400000
4967.246094 0.000000 3046.704834 0.000000 0.586795 0.000000 0.809736 0.400000 0.400000 0.400000
4966.350586 0.000000 3059.654053 0.000000 0.957745 0.000000 0.287620 0.400000 0.400000 0.400000
4945.479980 0.000000 3059.709717 0.000000 0.414170 0.000000 0.910200 0.400000 0.400000 0.400000
4932.310547 0.000000 3060.686523 0.000000 0.991986 0.000000 0.126349 0.400000 0.400000 0.400000
4931.656250 0.000000 3054.626709 0.000000 0.941339 0.000000 0.337463 0.400000 0.400000 0.400000
4941.382324 0.000000 3056.925049 0.000000 0.076549 0.000000 -0.997066 0.400000 0.400000 0.400000
4928.698730 0.000000 3063.811523 0.000000 0.391661 0.000000 -0.920110 0.400000 0.400000 0.400000
4936.659668 0.000000 3062.092285 0.000000 0.540257 0.000000 -0.841500 0.400000 0.400000 0.400000
4927.606445 0.000000 3053.700928 0.000000 0.511347 0.000000 0.859374 0.400000 0.400000 0.400000
4939.907227 0.000000 3060.155029 0.000000 0.113232 0.000000 -0.993569 0.400000 0.400000 0.400000
4932.667480 0.000000 3048.939941 0.000000 0.676543 0.000000 -0.736403 0.400000 0.400000 0.400000
4932.807617 0.000000 3057.558838 0.000000 0.380417 0.000000 0.924815 0.400000 0.400000 0.400000
4941.426758 0.000000 3050.646973 0.000000 0.518920 0.000000 0.854823 0.400000 0.400000 0.400000
4938.544922 0.000000 3055.765625 0.000000 0.976283 0.000000 -0.216497 0.400000 0.400000 0.400000
4932.083496 0.000000 3051.786621 0.000000 0.373696 0.000000 -0.927551 0.400000 0.400000 0.400000
4929.033203 0.000000 3060.985352 0.000000 0.471216 0.000000 -0.882018 0.400000 0.400000 0.400000
4933.924805 0.000000 3063.145752 0.000000 0.334292 0.000000 0.942469 0.400000 0.400000 0.400000
4934.939453 0.000000 3059.874023 0.000000 0.354271 0.000000 0.935143 0.400000 0.400000 0.400000
4931.244629 0.000000 3063.147705 0.000000 0.200153 0.000000 0.979765 0.400000 0.400000 0.400000
4941.687012 0.000000 3054.307373 0.000000 0.363457 0.000000 0.931611 0.400000 0.400000 0.400000
4929.364746 0.000000 3056.163330 0.000000 0.947812 0.000000 -0.318830 0.400000 0.400000 0.400000
4930.365723 0.000000 3058.502441 0.000000 0.552483 0.000000 -0.833524 0.400000 0.400000 0.400000
4937.655273 0.000000 3059.059814 0.000000 0.504972 0.000000 -0.863136 0.400000 0.400000 0.400000
5076.349121 0.000000 3066.312012 0.000000 0.975170 0.000000 0.221456 0.400000 0.400000 0.400000
5086.697754 0.000000 3063.199463 0.000000 0.952714 0.000000 -0.303868 0.400000 0.400000 0.400000
5079.054199 0.000000 3057.681152 0.000000 0.541283 0.000000 -0.840841 0.400000 0.400000 0.400000
5083.887695 0.000000 3070.239014 0.000000 0.687314 0.000000 -0.726360 0.400000 0.400000 0.400000
5089.634277 0.000000 3068.418701 0.000000 0.719583 0.000000 0.694406 0.400000 0.400000 0.400000
5081.087891 0.000000 3063.057373 0.000000 0.227363 0.000000 -0.973810 0.400000 0.400000 0.400000
5080.579102 0.000000 3067.350342 0.000000 0.915538 0.000000 -0.402231 0.400000 0.400000 0.400000
5084.093750 0.000000 3065.962402 0.000000 0.559359 0.000000 0.828926 0.400000 0.400000 0.400000
5087.586914 0.000000 3071.014893 0.000000 0.976497 0.000000 -0.215532 0.400000 0.400000 0.400000
5086.243652 0.000000 3068.235352 0.000000 0.176174 0.000000 -0.984359 0.400000 0.400000 0.400000
5078.505371 0.000000 3064.340820 0.000000 0.952439 0.000000 0.304728 0.400000 0.400000 0.400000
5083.658203 0.000000 3062.285889 0.000000 0.530324 0.000000 -0.847795 0.400000 0.400000 0.400000
5081.195312 0.000000 3070.365723 0.000000 0.571013 0.000000 -0.820941 0.400000 0.400000 0.400000
4728.070312 0.000000 3123.604248 0.000000 0.945949 0.000000 0.324314 0.400000 0.400000 0.400000
4730.699707 0.000000 3097.843018 0.000000 0.912436 0.000000 -0.409219 0.400000 0.400000 0.400000
4717.073242 0.000000 3123.705322 0.000000 0.891011 0.000000 -0.453981 0.400000 0.400000 0.400000
4731.980957 0.000000 3131.970703 0.000000 0.119639 0.000000 -0.992817 0.400000 0.400000 0.400000
4722.605957 0.000000 3125.815430 0.000000 0.800042 0.000000 0.599945 0.400000 0.400000 0.400000
4727.084473 0.000000 3129.000488 0.000000 0.830510 0.000000 0.557004 0.400000 0.400000 0.400000
4734.789062 0.000000 3127.319824 0.000000 0.986361 0.000000 -0.164597 0.400000 0.400000 0.400000
4730.614258 0.000000 3126.811279 0.000000 0.781456 0.000000 -0.623960 0.400000 0.400000 0.400000
4729.787598 0.000000 3094.190674 0.000000 0.218742 0.000000 -0.975783 0.400000 0.400000 0.400000
4720.705566 0.000000 3122.806641 0.000000 0.253978 0.000000 0.967210 0.400000 0.400000 0.400000
4725.799805 0.000000 3126.025146 0.000000 0.941917 0.000000 0.335844 0.400000 0.400000 0.400000
4732.652832 0.000000 3129.039062 0.000000 0.886986 0.000000 -0.461796 0.400000 0.400000 0.400000
4699.797363 0.000000 3142.899170 0.000000 0.684838 0.000000 0.728695 0.400000 0.400000 0.400000
4706.925781 0.000000 3135.796875 0.000000 0.332294 0.000000 -0.943176 0.400000 0.400000 0.400000
4704.125000 0.000000 3141.279541 0.000000 0.996917 0.000000 0.078465 0.400000 0.400000 0.400000
4709.604004 0.000000 3137.748291 0.000000 0.964091 0.000000 -0.265571 0.400000 0.400000 0.400000
4706.410645 0.000000 3138.940186 0.000000 0.538637 0.000000 -0.842538 0.400000 0.400000 0.400000
4704.005859 0.000000 3137.039795 0.000000 0.667589 0.000000 -0.744530 0.400000 0.400000 0.400000
4746.803711 0.000000 3072.036865 0.000000 0.839705 0.000000 0.543044 0.400000 0.400000 0.400000
4787.119141 0.000000 3108.084473 0.000000 0.338757 0.000000 -0.940874 0.400000 0.400000 0.400000
4781.065430 0.000000 3123.705322 0.000000 0.999629 0.000000 -0.027225 0.400000 0.400000 0.400000
4745.097656 0.000000 3081.495361 0.000000 0.864852 0.000000 -0.502026 0.400000 0.400000 0.400000
4795.879883 0.000000 3115.059570 0.000000 0.816121 0.000000 0.577882 0.400000 0.400000 0.400000
4781.311523 0.000000 3114.550537 0.000000 0.422116 0.000000 -0.906542 0.400000 0.400000 0.400000
4788.941895 0.000000 3101.472900 0.000000 0.999469 0.000000 0.032586 0.400000 0.400000 0.400000
4735.524414 0.000000 3132.321533 0.000000 0.554634 0.000000 -0.832094 0.400000 0.400000 0.400000
4742.210449 0.000000 3075.937500 0.000000 0.020914 0.000000 -0.999781 0.400000 0.400000 0.400000
4780.369141 0.000000 3129.471680 0.000000 0.654867 0.000000 0.755744 0.400000 0.400000 0.400000
4778.030762 0.000000 3119.084717 0.000000 0.347264 0.000000 -0.937768 0.400000 0.400000 0.400000
4787.874023 0.000000 3096.352539 0.000000 0.980627 0.000000 -0.195883 0.400000 0.400000 0.400000
4747.525391 0.000000 3076.856201 0.000000 0.388925 0.000000 0.921270 0.400000 0.400000 0.400000
4785.323730 0.000000 3103.936035 0.000000 0.900678 0.000000 -0.434486 0.400000 0.400000 0.400000
4783.596191 0.000000 3110.698730 0.000000 0.999959 0.000000 -0.009104 0.400000 0.400000 0.400000
4779.963379 0.000000 3134.015381 0.000000 0.507337 0.000000 0.861748 0.400000 0.400000 0.400000
4785.121582 0.000000 3099.633545 0.000000 0.716347 0.000000 -0.697744 0.400000 0.400000 0.400000
4780.809570 0.000000 3117.644043 0.000000 0.647713 0.000000 0.761885 0.400000 0.400000 0.400000
4747.908203 0.000000 3080.117432 0.000000 0.999768 0.000000 -0.021542 0.400000 0.400000 0.400000
4780.717285 0.000000 3120.688477 0.000000 0.185551 0.000000 0.982635 0.400000 0.400000 0.400000
4747.301270 0.000000 3083.534424 0.000000 0.208042 0.000000 -0.978120 0.400000 0.400000 0.400000
4780.049316 0.000000 3126.518066 0.000000 0.906617 0.000000 0.421956 0.400000 0.400000 0.400000
4799.041992 0.000000 3114.959717 0.000000 0.099892 0.000000 -0.994998 0.400000 0.400000 0.400000
4787.623047 0.000000 3098.947266 0.000000 0.883613 0.000000 -0.468219 0.400000 0.400000 0.400000
4847.692871 0.000000 3093.193359 0.000000 0.882726 0.000000 -0.469888 0.400000 0.400000 0.400000
4822.388184 0.000000 3102.681885 0.000000 0.088555 0.000000 -0.996071 0.400000 0.400000 0.400000
4801.390137 0.000000 3114.261475 0.000000 0.548184 0.000000 -0.836358 0.400000 0.400000 0.400000
4810.795898 0.000000 3072.036865 0.000000 0.181987 0.000000 -0.983301 0.400000 0.400000 0.400000
4851.111328 0.000000 3108.084473 0.000000 0.056540 0.000000 -0.998400 0.400000 0.400000 0.400000
4815.855469 0.000000 3116.608154 0.000000 0.451907 0.000000 -0.892065 0.400000 0.400000 0.400000
4833.203613 0.000000 3092.161865 0.000000 0.737741 0.000000 0.675084 0.400000 0.400000 0.400000
4826.384277 0.000000 3113.055420 0.000000 0.985657 0.000000 0.168762 0.400000 0.400000 0.400000
4845.057617 0.000000 3123.705322 0.000000 0.798638 0.000000 -0.601811 0.400000 0.400000 0.400000
4809.089844 0.000000 3081.495361 0.000000 0.041216 0.000000 -0.999150 0.400000 0.400000 0.400000
4807.975586 0.000000 3121.118164 0.000000 0.774149 0.000000 -0.633003 0.400000 0.400000 0.400000
4824.429688 0.000000 3093.582275 0.000000 0.848853 0.000000 0.528630 0.400000 0.400000 0.400000
4845.303711 0.000000 3114.550537 0.000000 0.620306 0.000000 0.784360 0.400000 0.400000 0.400000
4849.173340 0.000000 3084.731689 0.000000 0.806216 0.000000 0.591622 0.400000 0.400000 0.400000
4808.215820 0.000000 3091.578125 0.000000 0.022633 0.000000 0.999744 0.400000 0.400000 0.400000
4830.348145 0.000000 3099.509277 0.000000 0.373209 0.000000 0.927747 0.400000 0.400000 0.400000
4860.684570 0.000000 3107.401855 0.000000 0.189566 0.000000 -0.981868 0.400000 0.400000 0.400000
4819.039551 0.000000 3109.469238 0.000000 0.948356 0.000000 -0.317207 0.400000 0.400000 0.400000
4852.087891 0.000000 3117.569336 0.000000 0.554790 0.000000 0.831990 0.400000 0.400000 0.400000
4830.113281 0.000000 3119.917236 0.000000 0.290126 0.000000 0.956988 0.400000 0.400000 0.400000
4852.298828 0.000000 3078.553223 0.000000 0.940656 0.000000 0.339363 0.400000 0.400000 0.400000
4844.630371 0.000000 3107.639648 0.000000 0.407121 0.000000 -0.913374 0.400000 0.400000 0.400000
4806.202637 0.000000 3075.937500 0.000000 0.975814 0.000000 -0.218604 0.400000 0.400000 0.400000
4816.007324 0.000000 3075.004639 0.000000 0.253508 0.000000 0.967333 0.400000 0.400000 0.400000
4856.108398 0.000000 3110.846191 0.000000 0.063391 0.000000 0.997989 0.400000 0.400000 0.400000
4811.272461 0.000000 3086.678711 0.000000 0.976527 0.000000 -0.215393 0.400000 0.400000 0.400000
4821.479492 0.000000 3115.872803 0.000000 0.940922 0.000000 0.338623 0.400000 0.400000 0.400000
4836.841797 0.000000 3076.994141 0.000000 0.932523 0.000000 -0.361111 0.400000 0.400000 0.400000
4824.821777 0.000000 3107.980713 0.000000 0.402988 0.000000 -0.915205 0.400000 0.400000 0.400000
4804.326172 0.000000 3124.670898 0.000000 0.833354 0.000000 -0.552740 0.400000 0.400000 0.400000
4813.397949 0.000000 3120.909424 0.000000 0.081980 0.000000 -0.996634 0.400000 0.400000 0.400000
4847.657227 0.000000 3119.448975 0.000000 0.223934 0.000000 -0.974604 0.400000 0.400000 0.400000
4811.517578 0.000000 3076.856201 0.000000 0.365545 0.000000 -0.930794 0.400000 0.400000 0.400000
4853.526855 0.000000 3087.031006 0.000000 0.840695 0.000000 0.541508 0.400000 0.400000 0.400000
4825.604004 0.000000 3099.089355 0.000000 0.104765 0.000000 0.994497 0.400000 0.400000 0.400000
4828.984375 0.000000 3094.883301 0.000000 0.551633 0.000000 0.834087 0.400000 0.400000 0.400000
4851.285156 0.000000 3112.956543 0.000000 0.999644 0.000000 0.026666 0.400000 0.400000 0.400000
4826.982910 0.000000 3103.500244 0.000000 0.935209 0.000000 -0.354096 0.400000 0.400000 0.400000
4808.675293 0.000000 3126.076660 0.000000 0.988413 0.000000 0.151791 0.400000 0.400000 0.400000
4830.141113 0.000000 3115.444092 0.000000 0.969284 0.000000 0.245943 0.400000 0.400000 0.400000
4850.468750 0.000000 3089.979492 0.000000 0.333094 0.000000 -0.942894 0.400000 0.400000 0.400000
4829.040039 0.000000 3090.664062 0.000000 0.880368 0.000000 -0.474291 0.400000 0.400000 0.400000
4818.962891 0.000000 3105.377197 0.000000 0.267677 0.000000 0.963509 0.400000 0.400000 0.400000
4847.588379 0.000000 3110.698730 0.000000 0.712018 0.000000 -0.702162 0.400000 0.400000 0.400000
4851.923340 0.000000 3121.795654 0.000000 0.180416 0.000000 0.983590 0.400000 0.400000 0.400000
4822.423340 0.000000 3111.789307 0.000000 0.862728 0.000000 -0.505669 0.400000 0.400000 0.400000
4816.944336 0.000000 3071.255859 0.000000 0.813816 0.000000 0.581123 0.400000 0.400000 0.400000
4799.622070 0.000000 3117.685303 0.000000 0.981592 0.000000 0.190988 0.400000 0.400000 0.400000
4829.510254 0.000000 3110.822510 0.000000 0.840201 0.000000 -0.542275 0.400000 0.400000 0.400000
4848.843262 0.000000 3115.755615 0.000000 0.794139 0.000000 -0.607736 0.400000 0.400000 0.400000
4811.922852 0.000000 3124.139404 0.000000 0.961319 0.000000 0.275438 0.400000 0.400000 0.400000
4855.921875 0.000000 3079.443359 0.000000 0.086838 0.000000 -0.996222 0.400000 0.400000 0.400000
4850.267578 0.000000 3135.225098 0.000000 0.819506 0.000000 -0.573070 0.400000 0.400000 0.400000
4850.423340 0.000000 3081.421875 0.000000 0.538600 0.000000 0.842562 0.400000 0.400000 0.400000
4807.498535 0.000000 3072.587891 0.000000 0.883429 0.000000 -0.468566 0.400000 0.400000 0.400000
4848.689941 0.000000 3122.806641 0.000000 0.908483 0.000000 -0.417922 0.400000 0.400000 0.400000
4821.632812 0.000000 3107.518066 0.000000 0.925994 0.000000 0.377538 0.400000 0.400000 0.400000
4813.821777 0.000000 3072.818115 0.000000 0.983951 0.000000 0.178441 0.400000 0.400000 0.400000
4853.048828 0.000000 3110.502686 0.000000 0.977535 0.000000 -0.210773 0.400000 0.400000 0.400000
4832.006348 0.000000 3095.130615 0.000000 0.969962 0.000000 0.243258 0.400000 0.400000 0.400000
4858.854980 0.000000 3109.870605 0.000000 0.994764 0.000000 -0.102202 0.400000 0.400000 0.400000
4809.076172 0.000000 3075.230469 0.000000 0.991504 0.000000 0.130075 0.400000 0.400000 0.400000
4824.244141 0.000000 3104.921143 0.000000 0.165424 0.000000 0.986223 0.400000 0.400000 0.400000
4822.729004 0.000000 3099.784912 0.000000 0.848912 0.000000 -0.528534 0.400000 0.400000 0.400000
4827.708496 0.000000 3108.581299 0.000000 0.319625 0.000000 -0.947544 0.400000 0.400000 0.400000
4829.807129 0.000000 3102.570557 0.000000 0.079238 0.000000 0.996856 0.400000 0.400000 0.400000
4828.122070 0.000000 3097.551025 0.000000 0.255893 0.000000 -0.966705 0.400000 0.400000 0.400000
4827.145020 0.000000 3092.669189 0.000000 0.863184 0.000000 0.504890 0.400000 0.400000 0.400000
4806.955078 0.000000 3123.858398 0.000000 0.995909 0.000000 0.090363 0.400000 0.400000 0.400000
4824.940430 0.000000 3110.731201 0.000000 0.679440 0.000000 -0.733731 0.400000 0.400000 0.400000
4827.761230 0.000000 3100.778809 0.000000 0.881657 0.000000 -0.471890 0.400000 0.400000 0.400000
4824.925293 0.000000 3101.718994 0.000000 0.678569 0.000000 0.734536 0.400000 0.400000 0.400000
4826.365234 0.000000 3095.496826 0.000000 0.762231 0.000000 -0.647305 0.400000 0.400000 0.400000
4850.283203 0.000000 3119.498779 0.000000 0.508618 0.000000 -0.860992 0.400000 0.400000 0.400000
4813.702637 0.000000 3118.291748 0.000000 0.998930 0.000000 0.046249 0.400000 0.400000 0.400000
4848.034180 0.000000 3113.266602 0.000000 0.747737 0.000000 -0.663994 0.400000 0.400000 0.400000
4827.724121 0.000000 3105.966064 0.000000 0.308721 0.000000 0.951153 0.400000 0.400000 0.400000
4830.531738 0.000000 3092.712158 0.000000 0.909177 0.000000 -0.416411 0.400000 0.400000 0.400000
4850.187500 0.000000 3110.450195 0.000000 0.011394 0.000000 -0.999935 0.400000 0.400000 0.400000
4809.670898 0.000000 3123.044189 0.000000 0.846644 0.000000 -0.532160 0.400000 0.400000 0.400000
4763.789551 0.000000 3142.899170 0.000000 0.940732 0.000000 -0.339151 0.400000 0.400000 0.400000
4755.061035 0.000000 3144.258057 0.000000 0.872388 0.000000 0.488813 0.400000 0.400000 0.400000
4759.711426 0.000000 3145.157959 0.000000 0.897562 0.000000 0.440889 0.400000 0.400000 0.400000
4751.464355 0.000000 3142.790283 0.000000 0.283032 0.000000 0.959110 0.400000 0.400000 0.400000
4762.750977 0.000000 3147.126953 0.000000 0.932265 0.000000 0.361777 0.400000 0.400000 0.400000
4779.738281 0.000000 3135.387207 0.000000 0.980997 0.000000 0.194024 0.400000 0.400000 0.400000
4757.750488 0.000000 3143.158203 0.000000 0.290064 0.000000 -0.957007 0.400000 0.400000 0.400000
4846.964355 0.000000 3136.662598 0.000000 0.987876 0.000000 -0.155247 0.400000 0.400000 0.400000
4850.633789 0.000000 3138.683594 0.000000 0.439885 0.000000 0.898054 0.400000 0.400000 0.400000
4851.354980 0.000000 3135.671143 0.000000 0.601670 0.000000 0.798745 0.400000 0.400000 0.400000
4911.685059 0.000000 3093.193359 0.000000 0.995924 0.000000 -0.090197 0.400000 0.400000 0.400000
4891.773926 0.000000 3078.914795 0.000000 0.927643 0.000000 -0.373467 0.400000 0.400000 0.400000
4880.473145 0.000000 3088.667480 0.000000 0.093814 0.000000 -0.995590 0.400000 0.400000 0.400000
4900.754883 0.000000 3104.380371 0.000000 0.591872 0.000000 0.806032 0.400000 0.400000 0.400000
4894.721191 0.000000 3127.183838 0.000000 0.840204 0.000000 -0.542271 0.400000 0.400000 0.400000
4873.082031 0.000000 3081.495361 0.000000 0.464816 0.000000 0.885407 0.400000 0.400000 0.400000
4923.864258 0.000000 3115.059570 0.000000 0.314959 0.000000 -0.949105 0.400000 0.400000 0.400000
4913.768555 0.000000 3131.642578 0.000000 0.462061 0.000000 0.886848 0.400000 0.400000 0.400000
4871.967773 0.000000 3121.118164 0.000000 0.929648 0.000000 -0.368450 0.400000 0.400000 0.400000
4864.120605 0.000000 3105.415771 0.000000 0.678611 0.000000 -0.734498 0.400000 0.400000 0.400000
4887.077637 0.000000 3121.665527 0.000000 0.983996 0.000000 0.178191 0.400000 0.400000 0.400000
4883.045410 0.000000 3080.273682 0.000000 0.926882 0.000000 -0.375352 0.400000 0.400000 0.400000
4909.544434 0.000000 3101.536377 0.000000 0.139044 0.000000 0.990286 0.400000 0.400000 0.400000
4863.907715 0.000000 3122.366699 0.000000 0.340392 0.000000 -0.940284 0.400000 0.400000 0.400000
4894.340332 0.000000 3099.509277 0.000000 0.767550 0.000000 0.640989 0.400000 0.400000 0.400000
4903.334473 0.000000 3096.833740 0.000000 0.614541 0.000000 -0.788885 0.400000 0.400000 0.400000
4894.105469 0.000000 3119.917236 0.000000 0.740236 0.000000 -0.672347 0.400000 0.400000 0.400000
4914.582520 0.000000 3125.815430 0.000000 0.875427 0.000000 0.483351 0.400000 0.400000 0.400000
4879.999512 0.000000 3075.004639 0.000000 0.945642 0.000000 0.325209 0.400000 0.400000 0.400000
4908.353516 0.000000 3129.471680 0.000000 0.565223 0.000000 -0.824939 0.400000 0.400000 0.400000
4889.111328 0.000000 3127.041748 0.000000 0.999333 0.000000 0.036516 0.400000 0.400000 0.400000
4886.888184 0.000000 3076.552979 0.000000 0.955721 0.000000 0.294273 0.400000 0.400000 0.400000
4915.858398 0.000000 3096.352539 0.000000 0.526762 0.000000 0.850013 0.400000 0.400000 0.400000
4884.909180 0.000000 3097.514160 0.000000 0.984710 0.000000 -0.174204 0.400000 0.400000 0.400000
4878.145996 0.000000 3082.415039 0.000000 0.970335 0.000000 0.241763 0.400000 0.400000 0.400000
4883.282715 0.000000 3092.728760 0.000000 0.315850 0.000000 0.948809 0.400000 0.400000 0.400000
4889.596191 0.000000 3099.089355 0.000000 0.789415 0.000000 -0.613860 0.400000 0.400000 0.400000
4904.565430 0.000000 3101.404785 0.000000 0.561635 0.000000 -0.827385 0.400000 0.400000 0.400000
4896.101562 0.000000 3077.295166 0.000000 0.943684 0.000000 -0.330847 0.400000 0.400000 0.400000
4887.695801 0.000000 3081.173584 0.000000 0.644767 0.000000 -0.764380 0.400000 0.400000 0.400000
4897.839844 0.000000 3123.244873 0.000000 0.404663 0.000000 0.914466 0.400000 0.400000 0.400000
4908.827637 0.000000 3097.120117 0.000000 0.674003 0.000000 0.738728 0.400000 0.400000 0.400000
4926.995605 0.000000 3118.100342 0.000000 0.242037 0.000000 -0.970267 0.400000 0.400000 0.400000
4892.075195 0.000000 3123.659668 0.000000 0.992069 0.000000 -0.125697 0.400000 0.400000 0.400000
4896.493164 0.000000 3103.509277 0.000000 0.687247 0.000000 -0.726424 0.400000 0.400000 0.400000
4881.781250 0.000000 3084.558105 0.000000 0.920494 0.000000 -0.390757 0.400000 0.400000 0.400000
4885.177246 0.000000 3125.596191 0.000000 0.991658 0.000000 0.128900 0.400000 0.400000 0.400000
4900.693359 0.000000 3100.289795 0.000000 0.176443 0.000000 -0.984311 0.400000 0.400000 0.400000
4888.864746 0.000000 3072.912598 0.000000 0.501099 0.000000 -0.865390 0.400000 0.400000 0.400000
4879.448730 0.000000 3078.805908 0.000000 0.671443 0.000000 -0.741056 0.400000 0.400000 0.400000
4898.314453 0.000000 3126.946777 0.000000 0.715625 0.000000 0.698485 0.400000 0.400000 0.400000
4883.770508 0.000000 3074.880615 0.000000 0.996917 0.000000 -0.078462 0.400000 0.400000 0.400000
4878.562500 0.000000 3085.879395 0.000000 0.771386 0.000000 -0.636367 0.400000 0.400000 0.400000
4890.352539 0.000000 3120.751221 0.000000 0.722712 0.000000 -0.691149 0.400000 0.400000 0.400000
4898.387207 0.000000 3074.955811 0.000000 0.024565 0.000000 -0.999698 0.400000 0.400000 0.400000
4911.946777 0.000000 3096.406494 0.000000 0.683945 0.000000 -0.729533 0.400000 0.400000 0.400000
4863.481445 0.000000 3102.325439 0.000000 0.971614 0.000000 -0.236571 0.400000 0.400000 0.400000
4905.983887 0.000000 3098.686279 0.000000 0.770441 0.000000 0.637512 0.400000 0.400000 0.400000
4911.286621 0.000000 3129.875244 0.000000 0.945542 0.000000 -0.325501 0.400000 0.400000 0.400000
4882.146973 0.000000 3077.292969 0.000000 0.597116 0.000000 -0.802155 0.400000 0.400000 0.400000
4894.925781 0.000000 3124.214600 0.000000 0.438717 0.000000 -0.898625 0.400000 0.400000 0.400000
4889.074707 0.000000 3123.941162 0.000000 0.622404 0.000000 0.782696 0.400000 0.400000 0.400000
4885.734863 0.000000 3079.173828 0.000000 0.477733 0.000000 0.878505 0.400000 0.400000 0.400000
4891.681641 0.000000 3126.270264 0.000000 0.977423 0.000000 0.211292 0.400000 0.400000 0.400000
4880.738281 0.000000 3081.539551 0.000000 0.984844 0.000000 -0.173441 0.400000 0.400000 0.400000
4902.975098 0.000000 3099.310791 0.000000 0.330140 0.000000 -0.943932 0.400000 0.400000 0.400000
4984.039062 0.000000 3123.604248 0.000000 0.991836 0.000000 0.127518 0.400000 0.400000 0.400000
4950.372559 0.000000 3102.681885 0.000000 0.127231 0.000000 -0.991873 0.400000 0.400000 0.400000
4955.766113 0.000000 3078.914795 0.000000 0.958097 0.000000 -0.286444 0.400000 0.400000 0.400000
4929.374512 0.000000 3114.261475 0.000000 0.897431 0.000000 -0.441155 0.400000 0.400000 0.400000
4932.960449 0.000000 3129.805908 0.000000 0.644558 0.000000 -0.764555 0.400000 0.400000 0.400000
4944.465332 0.000000 3088.667480 0.000000 0.298239 0.000000 -0.954491 0.400000 0.400000 0.400000
4954.368652 0.000000 3113.055420 0.000000 0.260383 0.000000 -0.965505 0.400000 0.400000 0.400000
4937.074219 0.000000 3081.495361 0.000000 0.981725 0.000000 0.190305 0.400000 0.400000 0.400000
4987.856445 0.000000 3115.059570 0.000000 0.995178 0.000000 0.098088 0.400000 0.400000 0.400000
4951.069824 0.000000 3121.665527 0.000000 0.447772 0.000000 -0.894148 0.400000 0.400000 0.400000
4947.037598 0.000000 3080.273682 0.000000 0.760258 0.000000 -0.649621 0.400000 0.400000 0.400000
4936.200195 0.000000 3091.578125 0.000000 0.158385 0.000000 0.987377 0.400000 0.400000 0.400000
4927.899902 0.000000 3122.366699 0.000000 0.787280 0.000000 0.616595 0.400000 0.400000 0.400000
4947.023926 0.000000 3109.469238 0.000000 0.995610 0.000000 0.093597 0.400000 0.400000 0.400000
4980.072266 0.000000 3117.569336 0.000000 0.997017 0.000000 0.077180 0.400000 0.400000 0.400000
4958.114746 0.000000 3107.058838 0.000000 0.937563 0.000000 -0.347815 0.400000 0.400000 0.400000
4966.350586 0.000000 3123.638428 0.000000 0.981849 0.000000 0.189664 0.400000 0.400000 0.400000
4937.760742 0.000000 3132.947998 0.000000 0.898817 0.000000 -0.438325 0.400000 0.400000 0.400000
4939.256836 0.000000 3086.678711 0.000000 0.701259 0.000000 -0.712907 0.400000 0.400000 0.400000
4949.463867 0.000000 3115.872803 0.000000 0.350037 0.000000 0.936736 0.400000 0.400000 0.400000
4950.880371 0.000000 3076.552979 0.000000 0.619305 0.000000 -0.785151 0.400000 0.400000 0.400000
4932.976562 0.000000 3135.187744 0.000000 0.690744 0.000000 0.723099 0.400000 0.400000 0.400000
4952.806152 0.000000 3107.980713 0.000000 0.719349 0.000000 -0.694649 0.400000 0.400000 0.400000
4942.138184 0.000000 3082.415039 0.000000 0.154107 0.000000 0.988054 0.400000 0.400000 0.400000
4932.310547 0.000000 3124.670898 0.000000 0.163999 0.000000 0.986460 0.400000 0.400000 0.400000
4940.997070 0.000000 3092.033447 0.000000 0.591052 0.000000 0.806633 0.400000 0.400000 0.400000
4985.068359 0.000000 3118.944824 0.000000 0.047360 0.000000 -0.998878 0.400000 0.400000 0.400000
4979.269531 0.000000 3112.956543 0.000000 0.576724 0.000000 -0.816939 0.400000 0.400000 0.400000
4954.967285 0.000000 3103.500244 0.000000 0.986808 0.000000 0.161894 0.400000 0.400000 0.400000
4951.687988 0.000000 3081.173584 0.000000 0.610009 0.000000 -0.792394 0.400000 0.400000 0.400000
4953.651855 0.000000 3117.635498 0.000000 0.836492 0.000000 0.547980 0.400000 0.400000 0.400000
4969.091797 0.000000 3126.810059 0.000000 0.355270 0.000000 0.934764 0.400000 0.400000 0.400000
4983.687012 0.000000 3115.008057 0.000000 0.959256 0.000000 -0.282537 0.400000 0.400000 0.400000
4950.407715 0.000000 3111.789307 0.000000 0.835868 0.000000 0.548931 0.400000 0.400000 0.400000
4927.606445 0.000000 3117.685303 0.000000 0.184263 0.000000 -0.982877 0.400000 0.400000 0.400000
4957.494629 0.000000 3110.822510 0.000000 0.998019 0.000000 -0.062910 0.400000 0.400000 0.400000
4949.617188 0.000000 3107.518066 0.000000 0.581874 0.000000 0.813279 0.400000 0.400000 0.400000
4934.651855 0.000000 3132.546631 0.000000 0.975952 0.000000 -0.217985 0.400000 0.400000 0.400000
4952.228516 0.000000 3104.921143 0.000000 0.567102 0.000000 -0.823648 0.400000 0.400000 0.400000
4955.692871 0.000000 3108.581299 0.000000 0.719693 0.000000 -0.694292 0.400000 0.400000 0.400000
4951.783691 0.000000 3114.259277 0.000000 0.217917 0.000000 0.975967 0.400000 0.400000 0.400000
4933.924805 0.000000 3127.130127 0.000000 0.987396 0.000000 0.158270 0.400000 0.400000 0.400000
4952.924805 0.000000 3110.731201 0.000000 0.244111 0.000000 0.969747 0.400000 0.400000 0.400000
4929.364746 0.000000 3120.147705 0.000000 0.938429 0.000000 -0.345472 0.400000 0.400000 0.400000
4910.956543 0.000000 3136.662598 0.000000 0.921142 0.000000 0.389226 0.400000 0.400000 0.400000
4879.999512 0.000000 3138.989014 0.000000 0.494048 0.000000 -0.869435 0.400000 0.400000 0.400000
4875.509766 0.000000 3140.840576 0.000000 0.856473 0.000000 -0.516192 0.400000 0.400000 0.400000
4982.452148 0.000000 3135.986572 0.000000 0.982606 0.000000 -0.185701 0.400000 0.400000 0.400000
4938.780273 0.000000 3136.021240 0.000000 0.037365 0.000000 -0.999302 0.400000 0.400000 0.400000
4985.809570 0.000000 3148.759766 0.000000 0.904782 0.000000 -0.425874 0.400000 0.400000 0.400000
4952.414062 0.000000 3157.566650 0.000000 0.418664 0.000000 0.908141 0.400000 0.400000 0.400000
4977.157715 0.000000 3148.716064 0.000000 0.982299 0.000000 -0.187319 0.400000 0.400000 0.400000
4968.940430 0.000000 3151.646484 0.000000 0.953301 0.000000 0.302022 0.400000 0.400000 0.400000
4987.063477 0.000000 3141.611816 0.000000 0.276867 0.000000 0.960908 0.400000 0.400000 0.400000
4980.283203 0.000000 3142.537598 0.000000 0.991238 0.000000 -0.132087 0.400000 0.400000 0.400000
4934.187012 0.000000 3139.921875 0.000000 0.595357 0.000000 0.803461 0.400000 0.400000 0.400000
4989.046387 0.000000 3136.041016 0.000000 0.887464 0.000000 0.460878 0.400000 0.400000 0.400000
4948.901367 0.000000 3161.498535 0.000000 0.742789 0.000000 0.669526 0.400000 0.400000 0.400000
4947.274902 0.000000 3156.713135 0.000000 0.809452 0.000000 -0.587185 0.400000 0.400000 0.400000
4990.757812 0.000000 3191.304199 0.000000 0.043790 0.000000 -0.999041 0.400000 0.400000 0.400000
4975.251953 0.000000 3144.108643 0.000000 0.314896 0.000000 0.949126 0.400000 0.400000 0.400000
4973.971680 0.000000 3152.565186 0.000000 0.868426 0.000000 0.495819 0.400000 0.400000 0.400000
4972.032227 0.000000 3147.892822 0.000000 0.096481 0.000000 0.995335 0.400000 0.400000 0.400000
4939.501953 0.000000 3140.840576 0.000000 0.603734 0.000000 -0.797186 0.400000 0.400000 0.400000
4989.413086 0.000000 3145.502197 0.000000 0.455852 0.000000 -0.890056 0.400000 0.400000 0.400000
4982.094727 0.000000 3146.498291 0.000000 0.112774 0.000000 -0.993621 0.400000 0.400000 0.400000
4990.584961 0.000000 3142.137207 0.000000 0.930289 0.000000 0.366826 0.400000 0.400000 0.400000
4983.906250 0.000000 3143.427734 0.000000 0.862230 0.000000 0.506518 0.400000 0.400000 0.400000
4978.407715 0.000000 3145.406250 0.000000 0.865123 0.000000 -0.501559 0.400000 0.400000 0.400000
4935.482910 0.000000 3136.572266 0.000000 0.970047 0.000000 -0.242916 0.400000 0.400000 0.400000
4990.353516 0.000000 3197.889404 0.000000 0.549862 0.000000 0.835255 0.400000 0.400000 0.400000
4986.378906 0.000000 3145.787598 0.000000 0.487177 0.000000 0.873303 0.400000 0.400000 0.400000
4951.918457 0.000000 3160.548340 0.000000 0.999975 0.000000 -0.007008 0.400000 0.400000 0.400000
4937.060547 0.000000 3139.214844 0.000000 0.137580 0.000000 0.990491 0.400000 0.400000 0.400000
4949.644043 0.000000 3158.436035 0.000000 0.711340 0.000000 0.702848 0.400000 0.400000 0.400000
4999.558105 0.000000 3100.574463 0.000000 0.504708 0.000000 -0.863290 0.400000 0.400000 0.400000
5028.739258 0.000000 3104.380371 0.000000 0.086509 0.000000 -0.996251 0.400000 0.400000 0.400000
5051.941895 0.000000 3131.970703 0.000000 0.985725 0.000000 0.168364 0.400000 0.400000 0.400000
5022.324707 0.000000 3099.509277 0.000000 0.976676 0.000000 -0.214719 0.400000 0.400000 0.400000
5031.318848 0.000000 3096.833740 0.000000 0.048365 0.000000 0.998830 0.400000 0.400000 0.400000
5031.238281 0.000000 3110.689209 0.000000 0.973526 0.000000 -0.228578 0.400000 0.400000 0.400000
5036.337891 0.000000 3129.471680 0.000000 0.464351 0.000000 0.885651 0.400000 0.400000 0.400000
5012.893555 0.000000 3097.514160 0.000000 0.996055 0.000000 -0.088742 0.400000 0.400000 0.400000
5032.549805 0.000000 3101.404785 0.000000 0.811525 0.000000 0.584317 0.400000 0.400000 0.400000
5024.477539 0.000000 3103.509277 0.000000 0.891427 0.000000 -0.453165 0.400000 0.400000 0.400000
5032.804688 0.000000 3105.683105 0.000000 0.839204 0.000000 0.543817 0.400000 0.400000 0.400000
5033.083984 0.000000 3126.810059 0.000000 0.984438 0.000000 0.175731 0.400000 0.400000 0.400000
5028.677734 0.000000 3100.289795 0.000000 0.994298 0.000000 0.106633 0.400000 0.400000 0.400000
5035.932129 0.000000 3134.015381 0.000000 0.999730 0.000000 0.023222 0.400000 0.400000 0.400000
5045.379883 0.000000 3133.316162 0.000000 0.973078 0.000000 0.230478 0.400000 0.400000 0.400000
5039.022461 0.000000 3126.786377 0.000000 0.183797 0.000000 -0.982964 0.400000 0.400000 0.400000
5042.244141 0.000000 3135.225098 0.000000 0.248676 0.000000 0.968587 0.400000 0.400000 0.400000
5048.910645 0.000000 3133.584473 0.000000 0.814727 0.000000 -0.579845 0.400000 0.400000 0.400000
5039.099121 0.000000 3133.451172 0.000000 0.396423 0.000000 -0.918068 0.400000 0.400000 0.400000
5025.399414 0.000000 3100.416992 0.000000 0.889226 0.000000 0.457469 0.400000 0.400000 0.400000
5028.724609 0.000000 3132.679688 0.000000 0.798626 0.000000 -0.601827 0.400000 0.400000 0.400000
5033.968262 0.000000 3098.686279 0.000000 0.953271 0.000000 -0.302117 0.400000 0.400000 0.400000
5039.270996 0.000000 3129.875244 0.000000 0.945292 0.000000 0.326225 0.400000 0.400000 0.400000
5030.821289 0.000000 3107.806885 0.000000 0.993273 0.000000 -0.115792 0.400000 0.400000 0.400000
5036.018066 0.000000 3126.518066 0.000000 0.994755 0.000000 -0.102287 0.400000 0.400000 0.400000
5034.702148 0.000000 3131.737549 0.000000 0.526965 0.000000 0.849887 0.400000 0.400000 0.400000
5026.931152 0.000000 3102.493652 0.000000 0.462831 0.000000 0.886447 0.400000 0.400000 0.400000
5047.380859 0.000000 3131.551025 0.000000 0.387146 0.000000 0.922018 0.400000 0.400000 0.400000
5030.187988 0.000000 3102.324951 0.000000 0.942334 0.000000 -0.334674 0.400000 0.400000 0.400000
5051.188965 0.000000 3134.415527 0.000000 0.755232 0.000000 -0.655457 0.400000 0.400000 0.400000
5083.750488 0.000000 3078.914795 0.000000 0.987919 0.000000 0.154972 0.400000 0.400000 0.400000
5071.824219 0.000000 3116.608154 0.000000 0.910823 0.000000 -0.412797 0.400000 0.400000 0.400000
5090.878906 0.000000 3071.812500 0.000000 0.456175 0.000000 0.889890 0.400000 0.400000 0.400000
5076.957520 0.000000 3071.604004 0.000000 0.998943 0.000000 -0.045970 0.400000 0.400000 0.400000
5063.944336 0.000000 3121.118164 0.000000 0.285642 0.000000 0.958336 0.400000 0.400000 0.400000
5068.811035 0.000000 3127.697998 0.000000 0.549008 0.000000 0.835817 0.400000 0.400000 0.400000
5063.640137 0.000000 3114.742432 0.000000 0.061536 0.000000 0.998105 0.400000 0.400000 0.400000
5084.887695 0.000000 3072.973633 0.000000 0.655205 0.000000 -0.755452 0.400000 0.400000 0.400000
5073.464355 0.000000 3123.694092 0.000000 0.158748 0.000000 0.987319 0.400000 0.400000 0.400000
5060.294922 0.000000 3124.670898 0.000000 0.470941 0.000000 -0.882165 0.400000 0.400000 0.400000
5059.640625 0.000000 3118.611084 0.000000 0.819541 0.000000 0.573021 0.400000 0.400000 0.400000
5069.366699 0.000000 3120.909424 0.000000 0.169002 0.000000 -0.985616 0.400000 0.400000 0.400000
5070.751953 0.000000 3111.909912 0.000000 0.542318 0.000000 0.840173 0.400000 0.400000 0.400000
5064.644043 0.000000 3126.076660 0.000000 0.008444 0.000000 -0.999964 0.400000 0.400000 0.400000
5067.441895 0.000000 3116.904053 0.000000 0.368673 0.000000 -0.929559 0.400000 0.400000 0.400000
5080.841309 0.000000 3072.912598 0.000000 0.709851 0.000000 -0.704351 0.400000 0.400000 0.400000
5072.759766 0.000000 3128.566162 0.000000 0.400025 0.000000 0.916504 0.400000 0.400000 0.400000
5066.983887 0.000000 3112.830811 0.000000 0.855249 0.000000 -0.518218 0.400000 0.400000 0.400000
5067.891602 0.000000 3124.139404 0.000000 0.992092 0.000000 0.125516 0.400000 0.400000 0.400000
5064.289062 0.000000 3129.896729 0.000000 0.415450 0.000000 0.909616 0.400000 0.400000 0.400000
5082.409180 0.000000 3075.797119 0.000000 0.716916 0.000000 -0.697160 0.400000 0.400000 0.400000
5062.966309 0.000000 3117.898438 0.000000 0.945928 0.000000 -0.324376 0.400000 0.400000 0.400000
5070.842285 0.000000 3125.368652 0.000000 0.235088 0.000000 0.971974 0.400000 0.400000 0.400000
5060.791992 0.000000 3121.543213 0.000000 0.837752 0.000000 0.546051 0.400000 0.400000 0.400000
5066.529297 0.000000 3119.750000 0.000000 0.998782 0.000000 0.049348 0.400000 0.400000 0.400000
5062.923828 0.000000 3123.858398 0.000000 0.494038 0.000000 0.869440 0.400000 0.400000 0.400000
5075.507812 0.000000 3127.715820 0.000000 0.665142 0.000000 -0.746717 0.400000 0.400000 0.400000
5065.639648 0.000000 3123.044189 0.000000 0.063016 0.000000 0.998013 0.400000 0.400000 0.400000
5082.779785 0.000000 3071.370850 0.000000 0.249939 0.000000 -0.968262 0.400000 0.400000 0.400000
5012.356934 0.000000 3194.280762 0.000000 0.985408 0.000000 -0.170211 0.400000 0.400000 0.400000
4992.893066 0.000000 3151.090820 0.000000 0.188772 0.000000 -0.982021 0.400000 0.400000 0.400000
5048.031250 0.000000 3187.588623 0.000000 0.190285 0.000000 0.981729 0.400000 0.400000 0.400000
4993.366699 0.000000 3178.245850 0.000000 0.994609 0.000000 -0.103701 0.400000 0.400000 0.400000
5046.444336 0.000000 3135.986572 0.000000 0.877414 0.000000 -0.479733 0.400000 0.400000 0.400000
4996.952637 0.000000 3193.790283 0.000000 0.847251 0.000000 0.531193 0.400000 0.400000 0.400000
4991.763672 0.000000 3138.527588 0.000000 0.995781 0.000000 0.091762 0.400000 0.400000 0.400000
5026.886719 0.000000 3135.796875 0.000000 0.734284 0.000000 -0.678843 0.400000 0.400000 0.400000
5051.848633 0.000000 3179.043945 0.000000 0.361141 0.000000 0.932511 0.400000 0.400000 0.400000
4999.952148 0.000000 3185.102539 0.000000 0.951524 0.000000 -0.307574 0.400000 0.400000 0.400000
5015.062012 0.000000 3185.649902 0.000000 0.003908 0.000000 0.999992 0.400000 0.400000 0.400000
4991.892090 0.000000 3186.351074 0.000000 0.964872 0.000000 -0.262721 0.400000 0.400000 0.400000
5004.818848 0.000000 3191.682373 0.000000 0.736125 0.000000 -0.676846 0.400000 0.400000 0.400000
5038.940918 0.000000 3136.662598 0.000000 0.459921 0.000000 0.887960 0.400000 0.400000 0.400000
5044.064453 0.000000 3181.553711 0.000000 0.807394 0.000000 -0.590012 0.400000 0.400000 0.400000
5044.275391 0.000000 3142.537598 0.000000 0.994349 0.000000 0.106162 0.400000 0.400000 0.400000
4993.708496 0.000000 3144.696289 0.000000 0.798174 0.000000 0.602427 0.400000 0.400000 0.400000
4991.493164 0.000000 3196.305908 0.000000 0.972955 0.000000 -0.230995 0.400000 0.400000 0.400000
5009.472168 0.000000 3187.678467 0.000000 0.979063 0.000000 -0.203559 0.400000 0.400000 0.400000
5032.826172 0.000000 3137.305664 0.000000 0.039183 0.000000 0.999232 0.400000 0.400000 0.400000
5053.558105 0.000000 3186.320557 0.000000 0.985852 0.000000 -0.167618 0.400000 0.400000 0.400000
5001.752930 0.000000 3196.932373 0.000000 0.915457 0.000000 0.402417 0.400000 0.400000 0.400000
5053.038574 0.000000 3136.041016 0.000000 0.994641 0.000000 0.103391 0.400000 0.400000 0.400000
5007.763672 0.000000 3197.375732 0.000000 0.945213 0.000000 0.326453 0.400000 0.400000 0.400000
5013.456055 0.000000 3179.857178 0.000000 0.999971 0.000000 0.007655 0.400000 0.400000 0.400000
4996.968750 0.000000 3199.172119 0.000000 0.999900 0.000000 0.014158 0.400000 0.400000 0.400000
4996.302734 0.000000 3188.655273 0.000000 0.883939 0.000000 -0.467603 0.400000 0.400000 0.400000
4995.648438 0.000000 3182.595459 0.000000 0.108147 0.000000 0.994135 0.400000 0.400000 0.400000
5049.060547 0.000000 3182.929199 0.000000 0.318069 0.000000 -0.948068 0.400000 0.400000 0.400000
4991.425293 0.000000 3174.035645 0.000000 0.160656 0.000000 0.987010 0.400000 0.400000 0.400000
4992.690918 0.000000 3191.780273 0.000000 0.270703 0.000000 0.962663 0.400000 0.400000 0.400000
5017.644043 0.000000 3181.619873 0.000000 0.831665 0.000000 0.555278 0.400000 0.400000 0.400000
5000.651855 0.000000 3190.061035 0.000000 0.910676 0.000000 -0.413120 0.400000 0.400000 0.400000
5011.164551 0.000000 3183.572266 0.000000 0.141412 0.000000 0.989951 0.400000 0.400000 0.400000
5042.610352 0.000000 3138.683594 0.000000 0.412424 0.000000 0.910992 0.400000 0.400000 0.400000
5053.701172 0.000000 3175.379639 0.000000 0.988334 0.000000 -0.152304 0.400000 0.400000 0.400000
5013.161621 0.000000 3189.580566 0.000000 0.619515 0.000000 -0.784984 0.400000 0.400000 0.400000
5047.679199 0.000000 3178.992432 0.000000 0.979976 0.000000 -0.199114 0.400000 0.400000 0.400000
5008.767578 0.000000 3192.550537 0.000000 0.945269 0.000000 0.326293 0.400000 0.400000 0.400000
5047.295898 0.000000 3139.788574 0.000000 0.596033 0.000000 0.802960 0.400000 0.400000 0.400000
5013.874512 0.000000 3197.941895 0.000000 0.997724 0.000000 0.067434 0.400000 0.400000 0.400000
4991.511719 0.000000 3147.721924 0.000000 0.731960 0.000000 -0.681347 0.400000 0.400000 0.400000
5003.899414 0.000000 3188.123779 0.000000 0.999679 0.000000 0.025345 0.400000 0.400000 0.400000
4996.659668 0.000000 3176.908691 0.000000 0.813085 0.000000 -0.582145 0.400000 0.400000 0.400000
5049.768555 0.000000 3137.202637 0.000000 0.991976 0.000000 -0.126427 0.400000 0.400000 0.400000
5005.012207 0.000000 3195.254395 0.000000 0.111885 0.000000 0.993721 0.400000 0.400000 0.400000
4994.876465 0.000000 3196.535889 0.000000 0.218653 0.000000 -0.975803 0.400000 0.400000 0.400000
5000.296875 0.000000 3193.881104 0.000000 0.327273 0.000000 0.944930 0.400000 0.400000 0.400000
5035.707031 0.000000 3135.387207 0.000000 0.598414 0.000000 -0.801187 0.400000 0.400000 0.400000
5040.447754 0.000000 3140.986328 0.000000 0.991840 0.000000 0.127488 0.400000 0.400000 0.400000
5018.336914 0.000000 3184.735596 0.000000 0.962181 0.000000 -0.272410 0.400000 0.400000 0.400000
4998.644043 0.000000 3196.531006 0.000000 0.977774 0.000000 -0.209663 0.400000 0.400000 0.400000
5006.850098 0.000000 3189.353027 0.000000 0.999800 0.000000 0.020006 0.400000 0.400000 0.400000
5010.864258 0.000000 3197.080078 0.000000 0.065192 0.000000 -0.997873 0.400000 0.400000 0.400000
4996.799805 0.000000 3185.527588 0.000000 0.908455 0.000000 -0.417983 0.400000 0.400000 0.400000
5043.331543 0.000000 3135.671143 0.000000 0.981064 0.000000 -0.193682 0.400000 0.400000 0.400000
5012.179688 0.000000 3186.402344 0.000000 0.297253 0.000000 0.954799 0.400000 0.400000 0.400000
4994.199219 0.000000 3175.176514 0.000000 0.519507 0.000000 -0.854466 0.400000 0.400000 0.400000
5014.473633 0.000000 3182.708008 0.000000 0.983257 0.000000 0.182225 0.400000 0.400000 0.400000
4997.916992 0.000000 3191.114502 0.000000 0.651205 0.000000 0.758902 0.400000 0.400000 0.400000
5049.807129 0.000000 3177.120361 0.000000 0.999123 0.000000 -0.041870 0.400000 0.400000 0.400000
4993.340820 0.000000 3194.395020 0.000000 0.365420 0.000000 -0.930843 0.400000 0.400000 0.400000
5007.606934 0.000000 3194.863037 0.000000 0.293539 0.000000 0.955947 0.400000 0.400000 0.400000
5045.113281 0.000000 3138.277344 0.000000 0.474106 0.000000 -0.880468 0.400000 0.400000 0.400000
5112.023438 0.000000 3187.588623 0.000000 0.748835 0.000000 -0.662756 0.400000 0.400000 0.400000
5107.080078 0.000000 3172.068848 0.000000 0.188348 0.000000 -0.982102 0.400000 0.400000 0.400000
5095.704590 0.000000 3197.175049 0.000000 0.522542 0.000000 0.852614 0.400000 0.400000 0.400000
5092.731445 0.000000 3168.364746 0.000000 0.617619 0.000000 -0.786478 0.400000 0.400000 0.400000
5086.697754 0.000000 3191.168213 0.000000 0.468487 0.000000 -0.883470 0.400000 0.400000 0.400000
5065.058594 0.000000 3145.479736 0.000000 0.125208 0.000000 -0.992131 0.400000 0.400000 0.400000
5066.755859 0.000000 3173.042480 0.000000 0.117163 0.000000 -0.993113 0.400000 0.400000 0.400000
5063.944336 0.000000 3185.102539 0.000000 0.847388 0.000000 -0.530975 0.400000 0.400000 0.400000
5079.054199 0.000000 3185.649902 0.000000 0.992476 0.000000 -0.122437 0.400000 0.400000 0.400000
5075.021973 0.000000 3144.258057 0.000000 0.567769 0.000000 -0.823188 0.400000 0.400000 0.400000
5055.884277 0.000000 3186.351074 0.000000 0.337100 0.000000 -0.941469 0.400000 0.400000 0.400000
5116.653320 0.000000 3171.386230 0.000000 0.999823 0.000000 0.018790 0.400000 0.400000 0.400000
5108.056641 0.000000 3181.553711 0.000000 0.674445 0.000000 -0.738325 0.400000 0.400000 0.400000
5086.082031 0.000000 3183.901611 0.000000 0.885739 0.000000 0.464184 0.400000 0.400000 0.400000
5095.230469 0.000000 3174.673584 0.000000 0.786174 0.000000 -0.618006 0.400000 0.400000 0.400000
5062.171387 0.000000 3139.921875 0.000000 0.221159 0.000000 -0.975238 0.400000 0.400000 0.400000
5106.559082 0.000000 3189.799805 0.000000 0.663028 0.000000 0.748595 0.400000 0.400000 0.400000
5071.976074 0.000000 3138.989014 0.000000 0.997411 0.000000 -0.071913 0.400000 0.400000 0.400000
5089.050781 0.000000 3176.103027 0.000000 0.996170 0.000000 -0.087433 0.400000 0.400000 0.400000
5060.636230 0.000000 3173.266602 0.000000 0.866275 0.000000 -0.499567 0.400000 0.400000 0.400000
5117.550293 0.000000 3186.320557 0.000000 0.440045 0.000000 -0.897976 0.400000 0.400000 0.400000
5112.077148 0.000000 3174.830566 0.000000 0.672372 0.000000 0.740213 0.400000 0.400000 0.400000
5070.122559 0.000000 3146.399414 0.000000 0.278348 0.000000 -0.960480 0.400000 0.400000 0.400000
5113.686523 0.000000 3167.223389 0.000000 0.801110 0.000000 -0.598518 0.400000 0.400000 0.400000
5093.367188 0.000000 3192.659180 0.000000 0.961792 0.000000 0.273783 0.400000 0.400000 0.400000
5060.294922 0.000000 3188.655273 0.000000 0.594720 0.000000 0.803933 0.400000 0.400000 0.400000
5069.366699 0.000000 3184.893799 0.000000 0.901572 0.000000 -0.432630 0.400000 0.400000 0.400000
5067.486328 0.000000 3140.840576 0.000000 0.035019 0.000000 -0.999387 0.400000 0.400000 0.400000
5107.253906 0.000000 3176.940918 0.000000 0.257211 0.000000 -0.966355 0.400000 0.400000 0.400000
5055.417480 0.000000 3174.035645 0.000000 0.843979 0.000000 -0.536376 0.400000 0.400000 0.400000
5089.816406 0.000000 3187.229248 0.000000 0.904290 0.000000 -0.426918 0.400000 0.400000 0.400000
5056.683105 0.000000 3191.780273 0.000000 0.572242 0.000000 -0.820085 0.400000 0.400000 0.400000
5096.742188 0.000000 3178.758057 0.000000 0.982880 0.000000 0.184247 0.400000 0.400000 0.400000
5086.109863 0.000000 3179.428467 0.000000 0.574399 0.000000 0.818576 0.400000 0.400000 0.400000
5118.972168 0.000000 3182.084717 0.000000 0.879919 0.000000 -0.475124 0.400000 0.400000 0.400000
5067.441895 0.000000 3180.888428 0.000000 0.825220 0.000000 0.564812 0.400000 0.400000 0.400000
5084.051758 0.000000 3187.644043 0.000000 0.818357 0.000000 0.574710 0.400000 0.400000 0.400000
5117.398926 0.000000 3165.135742 0.000000 0.108554 0.000000 -0.994091 0.400000 0.400000 0.400000
5073.757812 0.000000 3148.542480 0.000000 0.959084 0.000000 0.283120 0.400000 0.400000 0.400000
5091.396973 0.000000 3172.375000 0.000000 0.933720 0.000000 -0.358005 0.400000 0.400000 0.400000
5059.552246 0.000000 3136.488037 0.000000 0.010587 0.000000 -0.999944 0.400000 0.400000 0.400000
5103.557129 0.000000 3174.683105 0.000000 0.673864 0.000000 -0.738855 0.400000 0.400000 0.400000
5111.160645 0.000000 3170.525635 0.000000 0.960351 0.000000 -0.278794 0.400000 0.400000 0.400000
5117.693359 0.000000 3175.379639 0.000000 0.929998 0.000000 0.367564 0.400000 0.400000 0.400000
5097.076172 0.000000 3190.794434 0.000000 0.777003 0.000000 -0.629497 0.400000 0.400000 0.400000
5111.671387 0.000000 3178.992432 0.000000 0.730770 0.000000 0.682623 0.400000 0.400000 0.400000
5099.185059 0.000000 3175.312988 0.000000 0.410492 0.000000 0.911864 0.400000 0.400000 0.400000
5071.425293 0.000000 3142.790283 0.000000 0.990687 0.000000 -0.136161 0.400000 0.400000 0.400000
5066.983887 0.000000 3176.815186 0.000000 0.690697 0.000000 0.723144 0.400000 0.400000 0.400000
5085.479004 0.000000 3174.806885 0.000000 0.907512 0.000000 0.420027 0.400000 0.400000 0.400000
5104.812012 0.000000 3179.739990 0.000000 0.271757 0.000000 0.962366 0.400000 0.400000 0.400000
5092.665527 0.000000 3177.513672 0.000000 0.958427 0.000000 0.285339 0.400000 0.400000 0.400000
5103.014648 0.000000 3190.770752 0.000000 0.612702 0.000000 -0.790314 0.400000 0.400000 0.400000
5089.128418 0.000000 3182.187500 0.000000 0.145776 0.000000 0.989318 0.400000 0.400000 0.400000
5090.291016 0.000000 3190.931152 0.000000 0.937074 0.000000 -0.349132 0.400000 0.400000 0.400000
5097.740234 0.000000 3186.759033 0.000000 0.287317 0.000000 0.957836 0.400000 0.400000 0.400000
5070.539062 0.000000 3149.863770 0.000000 0.996399 0.000000 0.084786 0.400000 0.400000 0.400000
5082.329102 0.000000 3184.735596 0.000000 0.490642 0.000000 -0.871361 0.400000 0.400000 0.400000
5055.915039 0.000000 3135.384277 0.000000 0.964781 0.000000 -0.263053 0.400000 0.400000 0.400000
5064.604004 0.000000 3142.134277 0.000000 0.907628 0.000000 0.419775 0.400000 0.400000 0.400000
5091.535156 0.000000 3184.208740 0.000000 0.811265 0.000000 0.584679 0.400000 0.400000 0.400000
5100.770508 0.000000 3181.628418 0.000000 0.185752 0.000000 -0.982597 0.400000 0.400000 0.400000
5116.970215 0.000000 3168.316650 0.000000 0.605716 0.000000 0.795681 0.400000 0.400000 0.400000
5067.869141 0.000000 3144.101807 0.000000 0.501138 0.000000 -0.865367 0.400000 0.400000 0.400000
5090.134766 0.000000 3179.263184 0.000000 0.950272 0.000000 0.311421 0.400000 0.400000 0.400000
5116.274902 0.000000 3183.558105 0.000000 0.215808 0.000000 -0.976436 0.400000 0.400000 0.400000
5100.678223 0.000000 3184.672852 0.000000 0.811142 0.000000 0.584850 0.400000 0.400000 0.400000
5109.017578 0.000000 3174.487061 0.000000 0.996464 0.000000 0.084021 0.400000 0.400000 0.400000
5088.328125 0.000000 3173.152100 0.000000 0.661635 0.000000 -0.749826 0.400000 0.400000 0.400000
5114.530273 0.000000 3185.960693 0.000000 0.846385 0.000000 -0.532571 0.400000 0.400000 0.400000
5110.142090 0.000000 3183.759277 0.000000 0.299845 0.000000 0.953988 0.400000 0.400000 0.400000
5114.823730 0.000000 3173.854980 0.000000 0.347215 0.000000 -0.937786 0.400000 0.400000 0.400000
5074.123535 0.000000 3141.277344 0.000000 0.996981 0.000000 0.077650 0.400000 0.400000 0.400000
5086.902344 0.000000 3188.198975 0.000000 0.336761 0.000000 0.941590 0.400000 0.400000 0.400000
5065.044922 0.000000 3139.214844 0.000000 0.583711 0.000000 0.811961 0.400000 0.400000 0.400000
5094.813477 0.000000 3171.791260 0.000000 0.433923 0.000000 0.900950 0.400000 0.400000 0.400000
5100.010254 0.000000 3190.502441 0.000000 0.106496 0.000000 -0.994313 0.400000 0.400000 0.400000
5057.017578 0.000000 3188.954102 0.000000 0.888087 0.000000 -0.459676 0.400000 0.400000 0.400000
5119.002930 0.000000 3178.944092 0.000000 0.338862 0.000000 0.940836 0.400000 0.400000 0.400000
5114.004883 0.000000 3170.427979 0.000000 0.978756 0.000000 0.205029 0.400000 0.400000 0.400000
5092.821289 0.000000 3190.012939 0.000000 0.003374 0.000000 -0.999994 0.400000 0.400000 0.400000
5113.799316 0.000000 3177.120361 0.000000 0.828140 0.000000 -0.560521 0.400000 0.400000 0.400000
5091.845215 0.000000 3174.980713 0.000000 0.967511 0.000000 -0.252827 0.400000 0.400000 0.400000
5106.251953 0.000000 3183.483154 0.000000 0.057889 0.000000 -0.998323 0.400000 0.400000 0.400000
5072.714844 0.000000 3145.523926 0.000000 0.828609 0.000000 0.559827 0.400000 0.400000 0.400000
5109.973633 0.000000 3176.994385 0.000000 0.417738 0.000000 0.908568 0.400000 0.400000 0.400000
5104.002930 0.000000 3177.250977 0.000000 0.581485 0.000000 0.813557 0.400000 0.400000 0.400000
5088.933594 0.000000 3184.814697 0.000000 0.748484 0.000000 -0.663152 0.400000 0.400000 0.400000
5106.156250 0.000000 3174.434570 0.000000 0.242388 0.000000 0.970179 0.400000 0.400000 0.400000
5098.761230 0.000000 3180.187988 0.000000 0.682053 0.000000 0.731302 0.400000 0.400000 0.400000
5108.626953 0.000000 3179.087646 0.000000 0.269061 0.000000 -0.963123 0.400000 0.400000 0.400000
5110.527344 0.000000 3181.262207 0.000000 0.282377 0.000000 0.959303 0.400000 0.400000 0.400000
5115.109375 0.000000 3181.424316 0.000000 0.758116 0.000000 0.652119 0.400000 0.400000 0.400000
4984.039062 0.000000 3251.572998 0.000000 0.987823 0.000000 -0.155581 0.400000 0.400000 0.400000
4982.452148 0.000000 3199.970947 0.000000 0.847554 0.000000 0.530709 0.400000 0.400000 0.400000
4985.809570 0.000000 3212.744141 0.000000 0.991511 0.000000 -0.130026 0.400000 0.400000 0.400000
4986.668457 0.000000 3225.811768 0.000000 0.845975 0.000000 -0.533223 0.400000 0.400000 0.400000
4977.157715 0.000000 3212.700439 0.000000 0.981553 0.000000 -0.191189 0.400000 0.400000 0.400000
4982.770508 0.000000 3219.745117 0.000000 0.793724 0.000000 0.608278 0.400000 0.400000 0.400000
4987.063477 0.000000 3205.596191 0.000000 0.445602 0.000000 -0.895231 0.400000 0.400000 0.400000
4980.283203 0.000000 3206.521973 0.000000 0.947629 0.000000 -0.319374 0.400000 0.400000 0.400000
4980.918457 0.000000 3229.441650 0.000000 0.859545 0.000000 0.511059 0.400000 0.400000 0.400000
4988.828613 0.000000 3220.042480 0.000000 0.760662 0.000000 -0.649149 0.400000 0.400000 0.400000
4989.046387 0.000000 3200.025391 0.000000 0.399771 0.000000 -0.916615 0.400000 0.400000 0.400000
4983.053223 0.000000 3256.969238 0.000000 0.887624 0.000000 -0.460568 0.400000 0.400000 0.400000
4979.850586 0.000000 3224.321289 0.000000 0.563642 0.000000 0.826019 0.400000 0.400000 0.400000
4990.757812 0.000000 3255.288574 0.000000 0.975261 0.000000 -0.221057 0.400000 0.400000 0.400000
4975.251953 0.000000 3208.093018 0.000000 0.340306 0.000000 -0.940315 0.400000 0.400000 0.400000
4981.511230 0.000000 3214.999756 0.000000 0.821374 0.000000 -0.570390 0.400000 0.400000 0.400000
4989.413086 0.000000 3209.486572 0.000000 0.202831 0.000000 -0.979214 0.400000 0.400000 0.400000
4989.180176 0.000000 3215.684814 0.000000 0.984209 0.000000 0.177009 0.400000 0.400000 0.400000
4982.094727 0.000000 3210.482666 0.000000 0.903109 0.000000 -0.429412 0.400000 0.400000 0.400000
4989.414551 0.000000 3229.120117 0.000000 0.092407 0.000000 0.995721 0.400000 0.400000 0.400000
4978.453125 0.000000 3217.948242 0.000000 0.713897 0.000000 0.700251 0.400000 0.400000 0.400000
4986.583008 0.000000 3254.780029 0.000000 0.996986 0.000000 0.077581 0.400000 0.400000 0.400000
4981.387695 0.000000 3261.284912 0.000000 0.946504 0.000000 -0.322693 0.400000 0.400000 0.400000
4985.501953 0.000000 3217.010254 0.000000 0.648342 0.000000 -0.761349 0.400000 0.400000 0.400000
4985.756348 0.000000 3222.159424 0.000000 0.982694 0.000000 -0.185237 0.400000 0.400000 0.400000
4983.016602 0.000000 3226.377441 0.000000 0.352251 0.000000 0.935906 0.400000 0.400000 0.400000
4990.058105 0.000000 3223.534424 0.000000 0.998836 0.000000 -0.048232 0.400000 0.400000 0.400000
4990.584961 0.000000 3206.121582 0.000000 0.868819 0.000000 -0.495130 0.400000 0.400000 0.400000
4983.906250 0.000000 3207.412109 0.000000 0.660879 0.000000 0.750492 0.400000 0.400000 0.400000
4978.251953 0.000000 3263.193848 0.000000 0.753589 0.000000 -0.657346 0.400000 0.400000 0.400000
4978.407715 0.000000 3209.390625 0.000000 0.705110 0.000000 0.709098 0.400000 0.400000 0.400000
4990.255371 0.000000 3212.609619 0.000000 0.735712 0.000000 -0.677294 0.400000 0.400000 0.400000
4982.629395 0.000000 3223.000000 0.000000 0.089216 0.000000 0.996012 0.400000 0.400000 0.400000
4989.277832 0.000000 3203.375732 0.000000 0.554837 0.000000 -0.831959 0.400000 0.400000 0.400000
4986.378906 0.000000 3209.771973 0.000000 0.861604 0.000000 0.507582 0.400000 0.400000 0.400000
4980.003418 0.000000 3212.498291 0.000000 0.700829 0.000000 -0.713329 0.400000 0.400000 0.400000
4991.378418 0.000000 3221.088135 0.000000 0.881722 0.000000 0.471770 0.400000 0.400000 0.400000
4983.223145 0.000000 3212.910645 0.000000 0.885040 0.000000 0.465514 0.400000 0.400000 0.400000
4981.072754 0.000000 3217.628174 0.000000 0.934519 0.000000 0.355913 0.400000 0.400000 0.400000
4992.893066 0.000000 3215.075195 0.000000 0.841350 0.000000 -0.540491 0.400000 0.400000 0.400000
5019.758301 0.000000 3206.883545 0.000000 0.914841 0.000000 0.403813 0.400000 0.400000 0.400000
5002.772461 0.000000 3200.005615 0.000000 0.996921 0.000000 -0.078414 0.400000 0.400000 0.400000
5008.457520 0.000000 3216.636230 0.000000 0.962046 0.000000 -0.272887 0.400000 0.400000 0.400000
5007.832031 0.000000 3244.576904 0.000000 0.036407 0.000000 0.999337 0.400000 0.400000 0.400000
5025.180176 0.000000 3220.130615 0.000000 0.745123 0.000000 -0.666928 0.400000 0.400000 0.400000
4991.763672 0.000000 3202.511963 0.000000 0.989008 0.000000 -0.147862 0.400000 0.400000 0.400000
5012.965332 0.000000 3199.572754 0.000000 0.811321 0.000000 -0.584601 0.400000 0.400000 0.400000
4999.952148 0.000000 3249.086914 0.000000 0.288466 0.000000 -0.957490 0.400000 0.400000 0.400000
4991.621582 0.000000 3224.097412 0.000000 0.387302 0.000000 -0.921953 0.400000 0.400000 0.400000
5016.406250 0.000000 3221.551025 0.000000 0.985639 0.000000 0.168866 0.400000 0.400000 0.400000
5011.029785 0.000000 3208.242432 0.000000 0.324317 0.000000 -0.945949 0.400000 0.400000 0.400000
5007.596680 0.000000 3225.806396 0.000000 0.617616 0.000000 0.786480 0.400000 0.400000 0.400000
5000.192383 0.000000 3219.546875 0.000000 0.918332 0.000000 0.395812 0.400000 0.400000 0.400000
4991.892090 0.000000 3250.335449 0.000000 0.599436 0.000000 0.800423 0.400000 0.400000 0.400000
5022.324707 0.000000 3227.478027 0.000000 0.447287 0.000000 -0.894390 0.400000 0.400000 0.400000
5020.163574 0.000000 3214.529541 0.000000 0.028647 0.000000 -0.999590 0.400000 0.400000 0.400000
5019.895508 0.000000 3262.192139 0.000000 0.161663 0.000000 -0.986846 0.400000 0.400000 0.400000
4993.708496 0.000000 3208.680664 0.000000 0.678833 0.000000 -0.734293 0.400000 0.400000 0.400000
5014.118652 0.000000 3213.538574 0.000000 0.844513 0.000000 -0.535535 0.400000 0.400000 0.400000
5007.983887 0.000000 3202.973389 0.000000 0.928572 0.000000 0.371152 0.400000 0.400000 0.400000
5053.558105 0.000000 3250.304932 0.000000 0.928934 0.000000 0.370246 0.400000 0.400000 0.400000
5003.249023 0.000000 3214.647461 0.000000 0.400392 0.000000 0.916344 0.400000 0.400000 0.400000
5017.095703 0.000000 3255.010498 0.000000 0.004855 0.000000 -0.999988 0.400000 0.400000 0.400000
5014.872559 0.000000 3204.521729 0.000000 0.990288 0.000000 0.139033 0.400000 0.400000 0.400000
5012.893555 0.000000 3225.482910 0.000000 0.688862 0.000000 -0.724893 0.400000 0.400000 0.400000
4996.751953 0.000000 3223.545166 0.000000 0.291270 0.000000 0.956641 0.400000 0.400000 0.400000
5006.130371 0.000000 3210.383789 0.000000 0.999469 0.000000 0.032586 0.400000 0.400000 0.400000
5002.562988 0.000000 3224.289795 0.000000 0.871728 0.000000 -0.489991 0.400000 0.400000 0.400000
4998.215820 0.000000 3214.122314 0.000000 0.593174 0.000000 0.805074 0.400000 0.400000 0.400000
5011.267090 0.000000 3220.697510 0.000000 0.044618 0.000000 0.999004 0.400000 0.400000 0.400000
5054.750000 0.000000 3255.288574 0.000000 0.863168 0.000000 -0.504917 0.400000 0.400000 0.400000
4996.302734 0.000000 3252.639648 0.000000 0.641735 0.000000 0.766927 0.400000 0.400000 0.400000
5005.374512 0.000000 3248.878174 0.000000 0.264814 0.000000 -0.964300 0.400000 0.400000 0.400000
5004.989258 0.000000 3220.002197 0.000000 0.435838 0.000000 0.900025 0.400000 0.400000 0.400000
4993.735840 0.000000 3219.797119 0.000000 0.314542 0.000000 -0.949243 0.400000 0.400000 0.400000
5017.580566 0.000000 3227.058105 0.000000 0.197690 0.000000 -0.980265 0.400000 0.400000 0.400000
5020.960938 0.000000 3222.852051 0.000000 0.110464 0.000000 -0.993880 0.400000 0.400000 0.400000
5015.680176 0.000000 3209.142334 0.000000 0.845295 0.000000 0.534300 0.400000 0.400000 0.400000
4992.690918 0.000000 3255.764648 0.000000 0.464330 0.000000 -0.885663 0.400000 0.400000 0.400000
5000.651855 0.000000 3254.045410 0.000000 0.558933 0.000000 -0.829213 0.400000 0.400000 0.400000
5022.468262 0.000000 3210.631104 0.000000 0.994736 0.000000 -0.102471 0.400000 0.400000 0.400000
5016.676270 0.000000 3217.171143 0.000000 0.936184 0.000000 -0.351510 0.400000 0.400000 0.400000
5016.586914 0.000000 3259.303467 0.000000 0.562163 0.000000 -0.827027 0.400000 0.400000 0.400000
5009.765625 0.000000 3212.526855 0.000000 0.963847 0.000000 -0.266455 0.400000 0.400000 0.400000
5021.016602 0.000000 3218.632812 0.000000 0.947424 0.000000 0.319981 0.400000 0.400000 0.400000
4995.560059 0.000000 3200.472412 0.000000 0.951077 0.000000 -0.308953 0.400000 0.400000 0.400000
5050.575195 0.000000 3254.780029 0.000000 0.969755 0.000000 -0.244082 0.400000 0.400000 0.400000
5016.849121 0.000000 3200.881348 0.000000 0.511832 0.000000 0.859085 0.400000 0.400000 0.400000
5008.767578 0.000000 3256.534912 0.000000 0.628156 0.000000 0.778088 0.400000 0.400000 0.400000
5008.920898 0.000000 3199.224609 0.000000 0.599722 0.000000 -0.800208 0.400000 0.400000 0.400000
5012.171387 0.000000 3217.062256 0.000000 0.384210 0.000000 -0.923246 0.400000 0.400000 0.400000
4996.879395 0.000000 3217.541016 0.000000 0.082794 0.000000 -0.996567 0.400000 0.400000 0.400000
4991.511719 0.000000 3211.706299 0.000000 0.154419 0.000000 0.988005 0.400000 0.400000 0.400000
5003.899414 0.000000 3252.108154 0.000000 0.439950 0.000000 -0.898022 0.400000 0.400000 0.400000
5018.719727 0.000000 3211.111328 0.000000 0.997541 0.000000 0.070090 0.400000 0.400000 0.400000
5007.999512 0.000000 3222.239014 0.000000 0.988801 0.000000 0.149241 0.400000 0.400000 0.400000
5011.754883 0.000000 3202.849365 0.000000 0.406831 0.000000 -0.913504 0.400000 0.400000 0.400000
4991.415527 0.000000 3205.902588 0.000000 0.950457 0.000000 0.310857 0.400000 0.400000 0.400000
5006.546875 0.000000 3213.848145 0.000000 0.988607 0.000000 0.150519 0.400000 0.400000 0.400000
4994.736328 0.000000 3212.281494 0.000000 0.666554 0.000000 -0.745457 0.400000 0.400000 0.400000
5023.594727 0.000000 3262.968018 0.000000 0.762608 0.000000 0.646861 0.400000 0.400000 0.400000
4991.922852 0.000000 3199.368652 0.000000 0.738656 0.000000 0.674083 0.400000 0.400000 0.400000
5000.538086 0.000000 3216.416748 0.000000 0.265755 0.000000 -0.964041 0.400000 0.400000 0.400000
4994.355469 0.000000 3225.636719 0.000000 0.999668 0.000000 0.025749 0.400000 0.400000 0.400000
5006.850098 0.000000 3253.337402 0.000000 0.590815 0.000000 -0.806807 0.400000 0.400000 0.400000
4999.393066 0.000000 3225.340576 0.000000 0.612594 0.000000 0.790398 0.400000 0.400000 0.400000
5022.251465 0.000000 3260.188477 0.000000 0.907098 0.000000 0.420919 0.400000 0.400000 0.400000
5014.378906 0.000000 3219.256348 0.000000 0.918577 0.000000 0.395242 0.400000 0.400000 0.400000
4991.462402 0.000000 3217.796143 0.000000 0.313046 0.000000 0.949738 0.400000 0.400000 0.400000
4997.446777 0.000000 3220.659180 0.000000 0.952146 0.000000 0.305643 0.400000 0.400000 0.400000
5005.309082 0.000000 3216.803467 0.000000 0.284780 0.000000 -0.958593 0.400000 0.400000 0.400000
5010.131348 0.000000 3205.261719 0.000000 0.910047 0.000000 -0.414505 0.400000 0.400000 0.400000
5005.434082 0.000000 3223.781738 0.000000 0.960753 0.000000 -0.277407 0.400000 0.400000 0.400000
5013.636230 0.000000 3222.420410 0.000000 0.713587 0.000000 0.700567 0.400000 0.400000 0.400000
5017.194824 0.000000 3213.752441 0.000000 0.971111 0.000000 0.238628 0.400000 0.400000 0.400000
4999.998535 0.000000 3222.527100 0.000000 0.611719 0.000000 -0.791075 0.400000 0.400000 0.400000
5000.532227 0.000000 3212.310791 0.000000 0.946420 0.000000 0.322939 0.400000 0.400000 0.400000
5020.098633 0.000000 3225.519775 0.000000 0.306556 0.000000 -0.951853 0.400000 0.400000 0.400000
5002.608398 0.000000 3221.476074 0.000000 0.964249 0.000000 0.264997 0.400000 0.400000 0.400000
5008.432617 0.000000 3219.456055 0.000000 0.896943 0.000000 -0.442146 0.400000 0.400000 0.400000
5016.986328 0.000000 3206.532715 0.000000 0.998062 0.000000 -0.062221 0.400000 0.400000 0.400000
5002.787598 0.000000 3218.014160 0.000000 0.981371 0.000000 0.192124 0.400000 0.400000 0.400000
5013.719238 0.000000 3207.142578 0.000000 0.008606 0.000000 0.999963 0.400000 0.400000 0.400000
5019.121582 0.000000 3220.637939 0.000000 0.374928 0.000000 -0.927054 0.400000 0.400000 0.400000
4995.624512 0.000000 3215.112793 0.000000 0.268279 0.000000 -0.963341 0.400000 0.400000 0.400000
4994.000000 0.000000 3222.519531 0.000000 0.435415 0.000000 -0.900230 0.400000 0.400000 0.400000
5018.341797 0.000000 3223.465576 0.000000 0.649908 0.000000 -0.760013 0.400000 0.400000 0.400000
5014.451660 0.000000 3201.933838 0.000000 0.434125 0.000000 0.900853 0.400000 0.400000 0.400000
4994.163574 0.000000 3217.356445 0.000000 0.402410 0.000000 0.915459 0.400000 0.400000 0.400000
5015.841797 0.000000 3211.688721 0.000000 0.613691 0.000000 -0.789546 0.400000 0.400000 0.400000
5110.436523 0.000000 3199.970947 0.000000 0.056883 0.000000 0.998381 0.400000 0.400000 0.400000
5092.587891 0.000000 3245.136475 0.000000 0.900716 0.000000 -0.434409 0.400000 0.400000 0.400000
5060.944824 0.000000 3257.774658 0.000000 0.481764 0.000000 -0.876301 0.400000 0.400000 0.400000
5098.368652 0.000000 3207.165283 0.000000 0.487116 0.000000 -0.873337 0.400000 0.400000 0.400000
5089.172363 0.000000 3220.130615 0.000000 0.994949 0.000000 0.100379 0.400000 0.400000 0.400000
5066.755859 0.000000 3237.026855 0.000000 0.589099 0.000000 0.808061 0.400000 0.400000 0.400000
5101.272461 0.000000 3242.519287 0.000000 0.654840 0.000000 -0.755768 0.400000 0.400000 0.400000
5105.142090 0.000000 3212.700439 0.000000 0.485293 0.000000 0.874352 0.400000 0.400000 0.400000
5096.924805 0.000000 3215.630859 0.000000 0.999455 0.000000 0.033020 0.400000 0.400000 0.400000
5095.311035 0.000000 3224.802490 0.000000 0.097487 0.000000 0.995237 0.400000 0.400000 0.400000
5116.653320 0.000000 3235.370605 0.000000 0.859075 0.000000 -0.511850 0.400000 0.400000 0.400000
5075.008301 0.000000 3237.437988 0.000000 0.999998 0.000000 -0.002213 0.400000 0.400000 0.400000
5086.099121 0.000000 3235.027588 0.000000 0.305088 0.000000 0.952324 0.400000 0.400000 0.400000
5115.047852 0.000000 3205.596191 0.000000 0.983634 0.000000 -0.180178 0.400000 0.400000 0.400000
5108.267578 0.000000 3206.521973 0.000000 0.913469 0.000000 0.406908 0.400000 0.400000 0.400000
5095.230469 0.000000 3238.657959 0.000000 0.726966 0.000000 0.686674 0.400000 0.400000 0.400000
5070.966309 0.000000 3232.167725 0.000000 0.843138 0.000000 0.537697 0.400000 0.400000 0.400000
5089.050781 0.000000 3240.087402 0.000000 0.752544 0.000000 0.658542 0.400000 0.400000 0.400000
5117.030762 0.000000 3200.025391 0.000000 0.115475 0.000000 0.993310 0.400000 0.400000 0.400000
5077.448242 0.000000 3243.841553 0.000000 0.476208 0.000000 -0.879333 0.400000 0.400000 0.400000
5080.790527 0.000000 3235.949463 0.000000 0.678460 0.000000 0.734637 0.400000 0.400000 0.400000
5098.590820 0.000000 3220.998535 0.000000 0.320368 0.000000 0.947293 0.400000 0.400000 0.400000
5103.236328 0.000000 3208.093018 0.000000 0.871334 0.000000 -0.490691 0.400000 0.400000 0.400000
5060.294922 0.000000 3252.639648 0.000000 0.942240 0.000000 -0.334940 0.400000 0.400000 0.400000
5101.956055 0.000000 3216.549561 0.000000 0.155559 0.000000 0.987827 0.400000 0.400000 0.400000
5100.016602 0.000000 3211.877197 0.000000 0.462608 0.000000 -0.886563 0.400000 0.400000 0.400000
5070.751953 0.000000 3239.878662 0.000000 0.763168 0.000000 -0.646201 0.400000 0.400000 0.400000
5109.495605 0.000000 3214.999756 0.000000 0.025939 0.000000 -0.999664 0.400000 0.400000 0.400000
5081.572754 0.000000 3227.058105 0.000000 0.008603 0.000000 -0.999963 0.400000 0.400000 0.400000
5082.951660 0.000000 3231.468994 0.000000 0.538179 0.000000 -0.842831 0.400000 0.400000 0.400000
5117.397461 0.000000 3209.486572 0.000000 0.566192 0.000000 -0.824273 0.400000 0.400000 0.400000
5056.683105 0.000000 3255.764648 0.000000 0.006215 0.000000 0.999981 0.400000 0.400000 0.400000
5081.636230 0.000000 3245.604248 0.000000 0.832813 0.000000 -0.553555 0.400000 0.400000 0.400000
5100.804199 0.000000 3225.088867 0.000000 0.479663 0.000000 -0.877453 0.400000 0.400000 0.400000
5117.164551 0.000000 3215.684814 0.000000 0.463151 0.000000 -0.886279 0.400000 0.400000 0.400000
5110.079102 0.000000 3210.482666 0.000000 0.999399 0.000000 -0.034672 0.400000 0.400000 0.400000
5088.469727 0.000000 3231.478027 0.000000 0.936979 0.000000 0.349387 0.400000 0.400000 0.400000
5106.437500 0.000000 3217.948242 0.000000 0.498087 0.000000 0.867127 0.400000 0.400000 0.400000
5091.396973 0.000000 3236.359375 0.000000 0.999402 0.000000 0.034576 0.400000 0.400000 0.400000
5096.796875 0.000000 3233.651855 0.000000 0.946512 0.000000 0.322669 0.400000 0.400000 0.400000
5074.931641 0.000000 3233.345947 0.000000 0.268714 0.000000 -0.963220 0.400000 0.400000 0.400000
5111.160645 0.000000 3234.510010 0.000000 0.963916 0.000000 0.266205 0.400000 0.400000 0.400000
5078.392090 0.000000 3239.758057 0.000000 0.999709 0.000000 0.024111 0.400000 0.400000 0.400000
5113.486328 0.000000 3217.010254 0.000000 0.975775 0.000000 0.218778 0.400000 0.400000 0.400000
5085.479004 0.000000 3238.791260 0.000000 0.349185 0.000000 0.937054 0.400000 0.400000 0.400000
5118.569336 0.000000 3206.121582 0.000000 0.422421 0.000000 -0.906400 0.400000 0.400000 0.400000
5108.299316 0.000000 3233.031738 0.000000 0.315996 0.000000 -0.948761 0.400000 0.400000 0.400000
5099.748047 0.000000 3232.291016 0.000000 0.355207 0.000000 -0.934788 0.400000 0.400000 0.400000
5107.596191 0.000000 3220.947998 0.000000 0.450374 0.000000 0.892840 0.400000 0.400000 0.400000
5118.239746 0.000000 3212.609619 0.000000 0.270250 0.000000 0.962790 0.400000 0.400000 0.400000
5114.363281 0.000000 3209.771973 0.000000 0.426785 0.000000 0.904353 0.400000 0.400000 0.400000
5113.106445 0.000000 3228.392090 0.000000 0.992564 0.000000 -0.121721 0.400000 0.400000 0.400000
5110.908691 0.000000 3231.624268 0.000000 0.547554 0.000000 -0.836770 0.400000 0.400000 0.400000
5119.362793 0.000000 3221.088135 0.000000 0.944052 0.000000 0.329797 0.400000 0.400000 0.400000
5107.583984 0.000000 3226.916016 0.000000 0.941089 0.000000 -0.338160 0.400000 0.400000 0.400000
5117.875000 0.000000 3226.275146 0.000000 0.979313 0.000000 0.202354 0.400000 0.400000 0.400000
5114.247070 0.000000 3219.562988 0.000000 0.337740 0.000000 -0.941240 0.400000 0.400000 0.400000
5020.895508 0.000000 3264.926758 0.000000 0.738939 0.000000 -0.673772 0.400000 0.400000 0.400000
5032.826172 0.000000 3265.274414 0.000000 0.967471 0.000000 -0.252982 0.400000 0.400000 0.400000
5029.564941 0.000000 3265.717041 0.000000 0.379091 0.000000 -0.925359 0.400000 0.400000 0.400000
5167.653809 0.000000 3093.193359 0.000000 0.953802 0.000000 0.300437 0.400000 0.400000 0.400000
5171.072266 0.000000 3108.084473 0.000000 0.200251 0.000000 -0.979745 0.400000 0.400000 0.400000
5136.441895 0.000000 3088.667480 0.000000 0.886222 0.000000 0.463260 0.400000 0.400000 0.400000
5162.360840 0.000000 3079.196533 0.000000 0.727054 0.000000 0.686580 0.400000 0.400000 0.400000
5156.723633 0.000000 3104.380371 0.000000 0.425374 0.000000 -0.905018 0.400000 0.400000 0.400000
5129.050781 0.000000 3081.495361 0.000000 0.572629 0.000000 -0.819814 0.400000 0.400000 0.400000
5119.605957 0.000000 3096.128662 0.000000 0.832107 0.000000 -0.554615 0.400000 0.400000 0.400000
5169.134277 0.000000 3084.731689 0.000000 0.107138 0.000000 0.994244 0.400000 0.400000 0.400000
5165.513184 0.000000 3101.536377 0.000000 0.607065 0.000000 0.794652 0.400000 0.400000 0.400000
5128.176758 0.000000 3091.578125 0.000000 0.700108 0.000000 0.714037 0.400000 0.400000 0.400000
5150.309082 0.000000 3099.509277 0.000000 0.019076 0.000000 -0.999818 0.400000 0.400000 0.400000
5159.303223 0.000000 3096.833740 0.000000 0.765279 0.000000 -0.643698 0.400000 0.400000 0.400000
5148.147949 0.000000 3086.560791 0.000000 0.980316 0.000000 0.197434 0.400000 0.400000 0.400000
5172.259766 0.000000 3078.553223 0.000000 0.682731 0.000000 -0.730669 0.400000 0.400000 0.400000
5172.895020 0.000000 3101.472900 0.000000 0.580832 0.000000 -0.814024 0.400000 0.400000 0.400000
5142.103027 0.000000 3085.569824 0.000000 0.949807 0.000000 -0.312837 0.400000 0.400000 0.400000
5164.591309 0.000000 3107.639648 0.000000 0.995893 0.000000 0.090539 0.400000 0.400000 0.400000
5160.810547 0.000000 3073.321289 0.000000 0.646813 0.000000 0.762648 0.400000 0.400000 0.400000
5131.233398 0.000000 3086.678711 0.000000 0.816882 0.000000 -0.576804 0.400000 0.400000 0.400000
5171.827148 0.000000 3096.352539 0.000000 0.988729 0.000000 -0.149719 0.400000 0.400000 0.400000
5124.736328 0.000000 3095.576416 0.000000 0.760265 0.000000 0.649613 0.400000 0.400000 0.400000
5162.583008 0.000000 3093.029785 0.000000 0.996544 0.000000 -0.083066 0.400000 0.400000 0.400000
5126.200195 0.000000 3086.153564 0.000000 0.252196 0.000000 0.967676 0.400000 0.400000 0.400000
5167.228516 0.000000 3080.124268 0.000000 0.990134 0.000000 0.140121 0.400000 0.400000 0.400000
5165.948242 0.000000 3088.580811 0.000000 0.974852 0.000000 0.222854 0.400000 0.400000 0.400000
5164.008789 0.000000 3083.908447 0.000000 0.998230 0.000000 0.059466 0.400000 0.400000 0.400000
5154.470215 0.000000 3096.859131 0.000000 0.034865 0.000000 0.999392 0.400000 0.400000 0.400000
5121.720215 0.000000 3091.828369 0.000000 0.853549 0.000000 0.521013 0.400000 0.400000 0.400000
5173.487793 0.000000 3087.031006 0.000000 0.999416 0.000000 -0.034157 0.400000 0.400000 0.400000
5160.534180 0.000000 3101.404785 0.000000 0.132566 0.000000 0.991174 0.400000 0.400000 0.400000
5164.796387 0.000000 3097.120117 0.000000 0.824600 0.000000 -0.565716 0.400000 0.400000 0.400000
5169.276855 0.000000 3103.936035 0.000000 0.625316 0.000000 -0.780372 0.400000 0.400000 0.400000
5170.429688 0.000000 3089.979492 0.000000 0.960644 0.000000 0.277781 0.400000 0.400000 0.400000
5160.789062 0.000000 3105.683105 0.000000 0.301246 0.000000 0.953546 0.400000 0.400000 0.400000
5170.594727 0.000000 3074.699219 0.000000 0.739250 0.000000 -0.673431 0.400000 0.400000 0.400000
5167.549316 0.000000 3110.698730 0.000000 0.799631 0.000000 -0.600491 0.400000 0.400000 0.400000
5156.662109 0.000000 3100.289795 0.000000 0.979899 0.000000 -0.199496 0.400000 0.400000 0.400000
5169.074707 0.000000 3099.633545 0.000000 0.882106 0.000000 -0.471051 0.400000 0.400000 0.400000
5164.898926 0.000000 3076.176025 0.000000 0.636256 0.000000 0.771478 0.400000 0.400000 0.400000
5152.038086 0.000000 3086.653564 0.000000 0.685992 0.000000 0.727609 0.400000 0.400000 0.400000
5140.155762 0.000000 3089.093506 0.000000 0.886779 0.000000 -0.462194 0.400000 0.400000 0.400000
5124.863770 0.000000 3089.572266 0.000000 0.624446 0.000000 -0.781068 0.400000 0.400000 0.400000
5146.704102 0.000000 3083.142578 0.000000 0.232814 0.000000 -0.972521 0.400000 0.400000 0.400000
5170.384277 0.000000 3081.421875 0.000000 0.414372 0.000000 0.910107 0.400000 0.400000 0.400000
5167.896973 0.000000 3107.090332 0.000000 0.211024 0.000000 -0.977481 0.400000 0.400000 0.400000
5168.432129 0.000000 3077.001953 0.000000 0.837426 0.000000 -0.546551 0.400000 0.400000 0.400000
5163.740234 0.000000 3104.322266 0.000000 0.341193 0.000000 -0.939993 0.400000 0.400000 0.400000
5171.588379 0.000000 3092.979248 0.000000 0.539090 0.000000 0.842248 0.400000 0.400000 0.400000
5153.383789 0.000000 3100.416992 0.000000 0.035132 0.000000 -0.999383 0.400000 0.400000 0.400000
5128.522461 0.000000 3088.447998 0.000000 0.555590 0.000000 -0.831456 0.400000 0.400000 0.400000
5167.915527 0.000000 3096.406494 0.000000 0.608254 0.000000 0.793743 0.400000 0.400000 0.400000
5161.952637 0.000000 3098.686279 0.000000 0.977426 0.000000 -0.211280 0.400000 0.400000 0.400000
5125.431152 0.000000 3092.690430 0.000000 0.123708 0.000000 0.992319 0.400000 0.400000 0.400000
5133.293457 0.000000 3088.834717 0.000000 0.606607 0.000000 -0.795002 0.400000 0.400000 0.400000
5145.179199 0.000000 3085.783691 0.000000 0.263257 0.000000 0.964726 0.400000 0.400000 0.400000
5128.516602 0.000000 3084.342041 0.000000 0.940374 0.000000 0.340141 0.400000 0.400000 0.400000
5171.979980 0.000000 3084.529541 0.000000 0.929896 0.000000 0.367823 0.400000 0.400000 0.400000
5166.845703 0.000000 3083.024902 0.000000 0.004643 0.000000 -0.999989 0.400000 0.400000 0.400000
5164.511230 0.000000 3081.111572 0.000000 0.084612 0.000000 0.996414 0.400000 0.400000 0.400000
5168.981445 0.000000 3087.547607 0.000000 0.952458 0.000000 0.304669 0.400000 0.400000 0.400000
5165.221680 0.000000 3091.808594 0.000000 0.881404 0.000000 0.472363 0.400000 0.400000 0.400000
5162.282227 0.000000 3095.866943 0.000000 0.066505 0.000000 0.997786 0.400000 0.400000 0.400000
5166.568848 0.000000 3104.367188 0.000000 0.620047 0.000000 0.784564 0.400000 0.400000 0.400000
5166.464355 0.000000 3085.884766 0.000000 0.188140 0.000000 -0.982142 0.400000 0.400000 0.400000
5167.763184 0.000000 3090.567627 0.000000 0.504601 0.000000 -0.863352 0.400000 0.400000 0.400000
5164.733398 0.000000 3094.520020 0.000000 0.959285 0.000000 -0.282439 0.400000 0.400000 0.400000
5166.472656 0.000000 3099.072510 0.000000 0.613086 0.000000 -0.790016 0.400000 0.400000 0.400000
5169.837891 0.000000 3094.799805 0.000000 0.963407 0.000000 0.268043 0.400000 0.400000 0.400000
5164.979980 0.000000 3078.670654 0.000000 0.872524 0.000000 -0.488570 0.400000 0.400000 0.400000
5158.943848 0.000000 3099.310791 0.000000 0.485398 0.000000 -0.874293 0.400000 0.400000 0.400000
5162.972168 0.000000 3101.897949 0.000000 0.134761 0.000000 -0.990878 0.400000 0.400000 0.400000
5124.937012 0.000000 3193.790283 0.000000 0.039896 0.000000 0.999204 0.400000 0.400000 0.400000
5159.696777 0.000000 3197.175049 0.000000 0.795755 0.000000 0.605619 0.400000 0.400000 0.400000
5135.816406 0.000000 3180.592529 0.000000 0.577919 0.000000 0.816094 0.400000 0.400000 0.400000
5146.345215 0.000000 3177.039795 0.000000 0.951182 0.000000 0.308631 0.400000 0.400000 0.400000
5150.689941 0.000000 3191.168213 0.000000 0.615666 0.000000 -0.788007 0.400000 0.400000 0.400000
5120.089355 0.000000 3169.400146 0.000000 0.922918 0.000000 -0.384997 0.400000 0.400000 0.400000
5165.264648 0.000000 3178.534912 0.000000 0.421266 0.000000 0.906937 0.400000 0.400000 0.400000
5119.876465 0.000000 3186.351074 0.000000 0.895051 0.000000 0.445963 0.400000 0.400000 0.400000
5132.803223 0.000000 3191.682373 0.000000 0.603312 0.000000 -0.797505 0.400000 0.400000 0.400000
5172.048828 0.000000 3181.553711 0.000000 0.857095 0.000000 -0.515159 0.400000 0.400000 0.400000
5147.879883 0.000000 3198.207764 0.000000 0.311772 0.000000 -0.950157 0.400000 0.400000 0.400000
5127.632324 0.000000 3178.726807 0.000000 0.080301 0.000000 0.996771 0.400000 0.400000 0.400000
5124.628418 0.000000 3173.266602 0.000000 0.995196 0.000000 -0.097899 0.400000 0.400000 0.400000
5164.322266 0.000000 3193.456055 0.000000 0.635990 0.000000 0.771697 0.400000 0.400000 0.400000
5153.626465 0.000000 3196.387451 0.000000 0.432475 0.000000 0.901646 0.400000 0.400000 0.400000
5145.080078 0.000000 3191.026123 0.000000 0.551061 0.000000 0.834465 0.400000 0.400000 0.400000
5141.440430 0.000000 3179.857178 0.000000 0.188387 0.000000 -0.982095 0.400000 0.400000 0.400000
5157.359375 0.000000 3192.659180 0.000000 0.583951 0.000000 -0.811789 0.400000 0.400000 0.400000
5124.287109 0.000000 3188.655273 0.000000 0.467997 0.000000 0.883730 0.400000 0.400000 0.400000
5167.618164 0.000000 3183.433350 0.000000 0.709461 0.000000 -0.704745 0.400000 0.400000 0.400000
5171.246094 0.000000 3176.940918 0.000000 0.927067 0.000000 0.374897 0.400000 0.400000 0.400000
5119.409668 0.000000 3174.035645 0.000000 0.532076 0.000000 0.846696 0.400000 0.400000 0.400000
5153.808594 0.000000 3187.229248 0.000000 0.077594 0.000000 0.996985 0.400000 0.400000 0.400000
5145.628418 0.000000 3181.619873 0.000000 0.675217 0.000000 0.737619 0.400000 0.400000 0.400000
5128.636230 0.000000 3190.061035 0.000000 0.857049 0.000000 -0.515234 0.400000 0.400000 0.400000
5139.148926 0.000000 3183.572266 0.000000 0.998419 0.000000 -0.056216 0.400000 0.400000 0.400000
5131.434082 0.000000 3180.888428 0.000000 0.959416 0.000000 -0.281994 0.400000 0.400000 0.400000
5148.043945 0.000000 3187.644043 0.000000 0.918523 0.000000 0.395368 0.400000 0.400000 0.400000
5171.884277 0.000000 3185.780029 0.000000 0.237833 0.000000 0.971306 0.400000 0.400000 0.400000
5141.145996 0.000000 3189.580566 0.000000 0.625193 0.000000 0.780470 0.400000 0.400000 0.400000
5142.384277 0.000000 3175.773682 0.000000 0.453313 0.000000 -0.891351 0.400000 0.400000 0.400000
5148.085938 0.000000 3193.931152 0.000000 0.565081 0.000000 0.825035 0.400000 0.400000 0.400000
5119.583008 0.000000 3181.669678 0.000000 0.930528 0.000000 -0.366221 0.400000 0.400000 0.400000
5168.804199 0.000000 3179.739990 0.000000 0.356698 0.000000 0.934220 0.400000 0.400000 0.400000
5131.883789 0.000000 3188.123779 0.000000 0.321223 0.000000 -0.947004 0.400000 0.400000 0.400000
5124.644043 0.000000 3176.908691 0.000000 0.496600 0.000000 0.867980 0.400000 0.400000 0.400000
5154.283203 0.000000 3190.931152 0.000000 0.983902 0.000000 -0.178707 0.400000 0.400000 0.400000
5161.732422 0.000000 3186.759033 0.000000 0.753312 0.000000 -0.657664 0.400000 0.400000 0.400000
5168.650879 0.000000 3186.791016 0.000000 0.857764 0.000000 0.514044 0.400000 0.400000 0.400000
5126.958496 0.000000 3181.882812 0.000000 0.725433 0.000000 0.688293 0.400000 0.400000 0.400000
5160.617188 0.000000 3194.166748 0.000000 0.780823 0.000000 0.624752 0.400000 0.400000 0.400000
5134.834473 0.000000 3189.353027 0.000000 0.729800 0.000000 0.683660 0.400000 0.400000 0.400000
5155.527344 0.000000 3184.208740 0.000000 0.999997 0.000000 -0.002575 0.400000 0.400000 0.400000
5164.762695 0.000000 3181.628418 0.000000 0.288763 0.000000 0.957401 0.400000 0.400000 0.400000
5124.784180 0.000000 3185.527588 0.000000 0.819698 0.000000 0.572796 0.400000 0.400000 0.400000
5121.837891 0.000000 3171.931396 0.000000 0.831595 0.000000 -0.555382 0.400000 0.400000 0.400000
5164.670410 0.000000 3184.672852 0.000000 0.339467 0.000000 -0.940618 0.400000 0.400000 0.400000
5136.386719 0.000000 3184.816895 0.000000 0.541572 0.000000 0.840654 0.400000 0.400000 0.400000
5122.183594 0.000000 3175.176514 0.000000 0.267139 0.000000 0.963658 0.400000 0.400000 0.400000
5152.515137 0.000000 3193.640381 0.000000 0.906927 0.000000 0.421288 0.400000 0.400000 0.400000
5150.894531 0.000000 3188.198975 0.000000 0.485866 0.000000 -0.874033 0.400000 0.400000 0.400000
5130.521484 0.000000 3183.734375 0.000000 0.991624 0.000000 -0.129159 0.400000 0.400000 0.400000
5145.043457 0.000000 3187.925537 0.000000 0.938969 0.000000 0.344001 0.400000 0.400000 0.400000
5124.060059 0.000000 3179.755371 0.000000 0.453811 0.000000 -0.891098 0.400000 0.400000 0.400000
5126.916016 0.000000 3187.842773 0.000000 0.540579 0.000000 -0.841293 0.400000 0.400000 0.400000
5139.500000 0.000000 3191.700195 0.000000 0.126342 0.000000 -0.991987 0.400000 0.400000 0.400000
5156.813477 0.000000 3190.012939 0.000000 0.304636 0.000000 0.952469 0.400000 0.400000 0.400000
5147.650391 0.000000 3190.254639 0.000000 0.672106 0.000000 -0.740455 0.400000 0.400000 0.400000
5133.663574 0.000000 3182.276123 0.000000 0.999459 0.000000 0.032904 0.400000 0.400000 0.400000
5121.341309 0.000000 3184.132080 0.000000 0.864743 0.000000 -0.502214 0.400000 0.400000 0.400000
5162.753418 0.000000 3180.187988 0.000000 0.405414 0.000000 -0.914133 0.400000 0.400000 0.400000
5119.583984 0.000000 3176.508057 0.000000 0.327997 0.000000 -0.944679 0.400000 0.400000 0.400000
5129.631836 0.000000 3187.028564 0.000000 0.787271 0.000000 0.616608 0.400000 0.400000 0.400000
5121.351074 0.000000 3242.230225 0.000000 0.827267 0.000000 0.561809 0.400000 0.400000 0.400000
5119.748047 0.000000 3202.511963 0.000000 0.975309 0.000000 0.220845 0.400000 0.400000 0.400000
5140.949707 0.000000 3199.572754 0.000000 0.999965 0.000000 0.008344 0.400000 0.400000 0.400000
5130.748047 0.000000 3237.026855 0.000000 0.064644 0.000000 0.997908 0.400000 0.400000 0.400000
5169.134277 0.000000 3212.700439 0.000000 0.834576 0.000000 -0.550893 0.400000 0.400000 0.400000
5150.309082 0.000000 3227.478027 0.000000 0.980742 0.000000 0.195309 0.400000 0.400000 0.400000
5159.303223 0.000000 3224.802490 0.000000 0.652967 0.000000 0.757387 0.400000 0.400000 0.400000
5121.692871 0.000000 3208.680664 0.000000 0.994108 0.000000 -0.108397 0.400000 0.400000 0.400000
5134.958496 0.000000 3232.167725 0.000000 0.785860 0.000000 0.618405 0.400000 0.400000 0.400000
5126.163574 0.000000 3203.906250 0.000000 0.321388 0.000000 0.946948 0.400000 0.400000 0.400000
5135.968262 0.000000 3202.973389 0.000000 0.930721 0.000000 -0.365729 0.400000 0.400000 0.400000
5160.810547 0.000000 3201.290039 0.000000 0.940755 0.000000 -0.339086 0.400000 0.400000 0.400000
5124.628418 0.000000 3237.250977 0.000000 0.280182 0.000000 0.959947 0.400000 0.400000 0.400000
5122.137695 0.000000 3228.760986 0.000000 0.624061 0.000000 0.781376 0.400000 0.400000 0.400000
5164.008789 0.000000 3211.877197 0.000000 0.943283 0.000000 -0.331989 0.400000 0.400000 0.400000
5127.541992 0.000000 3233.402100 0.000000 0.946621 0.000000 0.322348 0.400000 0.400000 0.400000
5131.478516 0.000000 3204.824951 0.000000 0.326000 0.000000 -0.945370 0.400000 0.400000 0.400000
5154.470215 0.000000 3224.827881 0.000000 0.138262 0.000000 -0.990396 0.400000 0.400000 0.400000
5145.564941 0.000000 3227.058105 0.000000 0.921193 0.000000 0.389105 0.400000 0.400000 0.400000
5157.861816 0.000000 3219.892334 0.000000 0.996606 0.000000 0.082314 0.400000 0.400000 0.400000
5131.981445 0.000000 3228.852539 0.000000 0.850613 0.000000 -0.525793 0.400000 0.400000 0.400000
5138.324707 0.000000 3229.061523 0.000000 0.446373 0.000000 0.894847 0.400000 0.400000 0.400000
5144.833496 0.000000 3200.881348 0.000000 0.820464 0.000000 0.571698 0.400000 0.400000 0.400000
5125.363281 0.000000 3210.390869 0.000000 0.998038 0.000000 0.062615 0.400000 0.400000 0.400000
5123.791992 0.000000 3232.235840 0.000000 0.335504 0.000000 0.942039 0.400000 0.400000 0.400000
5135.417480 0.000000 3206.774658 0.000000 0.543976 0.000000 0.839101 0.400000 0.400000 0.400000
5122.656250 0.000000 3205.090088 0.000000 0.353809 0.000000 -0.935318 0.400000 0.400000 0.400000
5119.496094 0.000000 3211.706299 0.000000 0.470039 0.000000 -0.882646 0.400000 0.400000 0.400000
5135.983887 0.000000 3222.239014 0.000000 0.072010 0.000000 0.997404 0.400000 0.400000 0.400000
5139.739258 0.000000 3202.849365 0.000000 0.778161 0.000000 0.628065 0.400000 0.400000 0.400000
5158.249512 0.000000 3208.079102 0.000000 0.994532 0.000000 0.104433 0.400000 0.400000 0.400000
5125.263184 0.000000 3207.114014 0.000000 0.533046 0.000000 -0.846086 0.400000 0.400000 0.400000
5146.401367 0.000000 3203.765869 0.000000 0.198531 0.000000 0.980095 0.400000 0.400000 0.400000
5122.720703 0.000000 3212.281494 0.000000 0.894257 0.000000 0.447555 0.400000 0.400000 0.400000
5154.355957 0.000000 3202.924561 0.000000 0.400464 0.000000 0.916313 0.400000 0.400000 0.400000
5128.596191 0.000000 3206.118652 0.000000 0.722113 0.000000 0.691775 0.400000 0.400000 0.400000
5128.522461 0.000000 3216.416748 0.000000 0.904040 0.000000 0.427447 0.400000 0.400000 0.400000
5122.339844 0.000000 3225.636719 0.000000 0.889408 0.000000 -0.457115 0.400000 0.400000 0.400000
5119.450195 0.000000 3230.294189 0.000000 0.957117 0.000000 0.289703 0.400000 0.400000 0.400000
5156.964844 0.000000 3212.951172 0.000000 0.679848 0.000000 -0.733353 0.400000 0.400000 0.400000
5127.377441 0.000000 3225.340576 0.000000 0.633490 0.000000 -0.773751 0.400000 0.400000 0.400000
5154.573730 0.000000 3207.104980 0.000000 0.943116 0.000000 -0.332463 0.400000 0.400000 0.400000
5131.861328 0.000000 3208.086182 0.000000 0.462581 0.000000 -0.886577 0.400000 0.400000 0.400000
5143.895020 0.000000 3224.532715 0.000000 0.157046 0.000000 0.987591 0.400000 0.400000 0.400000
5119.446777 0.000000 3217.796143 0.000000 0.865038 0.000000 -0.501707 0.400000 0.400000 0.400000
5124.821777 0.000000 3227.323730 0.000000 0.483795 0.000000 -0.875182 0.400000 0.400000 0.400000
5125.431152 0.000000 3220.659180 0.000000 0.712224 0.000000 -0.701953 0.400000 0.400000 0.400000
5131.254395 0.000000 3211.503174 0.000000 0.756000 0.000000 -0.654571 0.400000 0.400000 0.400000
5133.293457 0.000000 3216.803467 0.000000 0.985757 0.000000 0.168179 0.400000 0.400000 0.400000
5119.425293 0.000000 3227.202393 0.000000 0.863437 0.000000 -0.504456 0.400000 0.400000 0.400000
5151.967285 0.000000 3223.099365 0.000000 0.937036 0.000000 -0.349233 0.400000 0.400000 0.400000
5138.115723 0.000000 3205.261719 0.000000 0.987944 0.000000 -0.154812 0.400000 0.400000 0.400000
5133.418457 0.000000 3223.781738 0.000000 0.412166 0.000000 -0.911109 0.400000 0.400000 0.400000
5138.212891 0.000000 3224.109619 0.000000 0.525336 0.000000 0.850895 0.400000 0.400000 0.400000
5141.620605 0.000000 3222.420410 0.000000 0.308507 0.000000 -0.951222 0.400000 0.400000 0.400000
5127.982910 0.000000 3222.527100 0.000000 0.928789 0.000000 -0.370609 0.400000 0.400000 0.400000
5128.516602 0.000000 3212.310791 0.000000 0.965882 0.000000 -0.258983 0.400000 0.400000 0.400000
5150.876953 0.000000 3207.810791 0.000000 0.711820 0.000000 -0.702362 0.400000 0.400000 0.400000
5130.592773 0.000000 3221.476074 0.000000 0.982995 0.000000 -0.183634 0.400000 0.400000 0.400000
5136.416992 0.000000 3219.456055 0.000000 0.414434 0.000000 -0.910079 0.400000 0.400000 0.400000
5153.258789 0.000000 3217.253418 0.000000 0.999096 0.000000 0.042509 0.400000 0.400000 0.400000
5144.970703 0.000000 3206.532715 0.000000 0.625960 0.000000 -0.779855 0.400000 0.400000 0.400000
5130.771973 0.000000 3218.014160 0.000000 0.492988 0.000000 -0.870036 0.400000 0.400000 0.400000
5141.703613 0.000000 3207.142578 0.000000 0.941408 0.000000 0.337270 0.400000 0.400000 0.400000
5129.892578 0.000000 3227.055420 0.000000 0.838647 0.000000 -0.544675 0.400000 0.400000 0.400000
5147.105957 0.000000 3220.637939 0.000000 0.189686 0.000000 -0.981845 0.400000 0.400000 0.400000
5123.608887 0.000000 3215.112793 0.000000 0.207581 0.000000 0.978218 0.400000 0.400000 0.400000
5121.984375 0.000000 3222.519531 0.000000 0.690582 0.000000 -0.723254 0.400000 0.400000 0.400000
5146.326172 0.000000 3223.465576 0.000000 0.712132 0.000000 -0.702046 0.400000 0.400000 0.400000
5125.304688 0.000000 3229.955811 0.000000 0.499113 0.000000 -0.866537 0.400000 0.400000 0.400000
5136.707031 0.000000 3209.508301 0.000000 0.960922 0.000000 -0.276819 0.400000 0.400000 0.400000
5154.192871 0.000000 3213.216064 0.000000 0.410450 0.000000 0.911883 0.400000 0.400000 0.400000
5138.573730 0.000000 3214.971924 0.000000 0.052333 0.000000 0.998630 0.400000 0.400000 0.400000
5150.098633 0.000000 3216.364258 0.000000 0.676951 0.000000 0.736028 0.400000 0.400000 0.400000
5122.147949 0.000000 3217.356445 0.000000 0.696708 0.000000 -0.717355 0.400000 0.400000 0.400000
5143.826172 0.000000 3211.688721 0.000000 0.390097 0.000000 0.920774 0.400000 0.400000 0.400000
5148.343262 0.000000 3209.322266 0.000000 0.310949 0.000000 0.950427 0.400000 0.400000 0.400000
"}
