object={
	name="tree_pine_impassable_01_a_generator_1_0"
	render_pass=Map
	clamp_to_water_level=no
	generated_content=yes
	layer="tree_high_layer"
	pdxmesh="tree_pine_impassable_01_a_mesh"
	count=127
	transform="5092.587891 0.000000 3181.152100 0.000000 0.274476 0.000000 0.961594 0.400000 0.400000 0.400000
5101.026367 0.000000 3187.689697 0.000000 0.968622 0.000000 0.248537 0.400000 0.400000 0.400000
5115.840820 0.000000 3179.043945 0.000000 0.963381 0.000000 -0.268135 0.400000 0.400000 0.400000
5101.272461 0.000000 3178.534912 0.000000 0.998465 0.000000 0.055387 0.400000 0.400000 0.400000
5094.334961 0.000000 3187.622803 0.000000 0.124681 0.000000 -0.992197 0.400000 0.400000 0.400000
5097.991699 0.000000 3183.069092 0.000000 0.790008 0.000000 -0.613097 0.400000 0.400000 0.400000
5103.625977 0.000000 3183.433350 0.000000 0.882695 0.000000 0.469946 0.400000 0.400000 0.400000
4948.364746 0.000000 3258.265137 0.000000 0.692309 0.000000 0.721601 0.400000 0.400000 0.400000
4929.374512 0.000000 3242.230225 0.000000 0.987984 0.000000 0.154553 0.400000 0.400000 0.400000
4935.565918 0.000000 3228.543213 0.000000 0.526061 0.000000 -0.850447 0.400000 0.400000 0.400000
4943.839844 0.000000 3244.576904 0.000000 0.980198 0.000000 0.198019 0.400000 0.400000 0.400000
4987.949707 0.000000 3259.939453 0.000000 0.854872 0.000000 -0.518839 0.400000 0.400000 0.400000
4977.760742 0.000000 3259.611328 0.000000 0.029328 0.000000 -0.999570 0.400000 0.400000 0.400000
4938.771484 0.000000 3237.026855 0.000000 0.999983 0.000000 0.005815 0.400000 0.400000 0.400000
4935.959961 0.000000 3249.086914 0.000000 0.462817 0.000000 -0.886454 0.400000 0.400000 0.400000
4928.112793 0.000000 3233.384521 0.000000 0.048606 0.000000 0.998818 0.400000 0.400000 0.400000
4940.826660 0.000000 3255.666748 0.000000 0.789670 0.000000 -0.613531 0.400000 0.400000 0.400000
4935.655762 0.000000 3242.711182 0.000000 0.030452 0.000000 -0.999536 0.400000 0.400000 0.400000
4945.479980 0.000000 3251.662842 0.000000 0.221042 0.000000 0.975264 0.400000 0.400000 0.400000
4932.651855 0.000000 3237.250977 0.000000 0.749619 0.000000 0.661870 0.400000 0.400000 0.400000
4941.382324 0.000000 3248.878174 0.000000 0.995628 0.000000 -0.093408 0.400000 0.400000 0.400000
4935.565430 0.000000 3233.402100 0.000000 0.996095 0.000000 -0.088287 0.400000 0.400000 0.400000
4939.457520 0.000000 3244.872803 0.000000 0.838377 0.000000 0.545090 0.400000 0.400000 0.400000
4982.452148 0.000000 3263.955322 0.000000 0.910811 0.000000 0.412823 0.400000 0.400000 0.400000
4948.973145 0.000000 3263.557129 0.000000 0.390903 0.000000 -0.920432 0.400000 0.400000 0.400000
4974.948730 0.000000 3264.631348 0.000000 0.059068 0.000000 0.998254 0.400000 0.400000 0.400000
5012.356934 0.000000 3258.265137 0.000000 0.559333 0.000000 -0.828943 0.400000 0.400000 0.400000
5048.031250 0.000000 3251.572998 0.000000 0.257877 0.000000 -0.966178 0.400000 0.400000 0.400000
4996.952637 0.000000 3257.774658 0.000000 0.134344 0.000000 0.990935 0.400000 0.400000 0.400000
5031.712402 0.000000 3261.159424 0.000000 0.958132 0.000000 0.286327 0.400000 0.400000 0.400000
5051.941895 0.000000 3259.939453 0.000000 0.215246 0.000000 -0.976560 0.400000 0.400000 0.400000
5041.752930 0.000000 3259.611328 0.000000 0.407294 0.000000 0.913297 0.400000 0.400000 0.400000
5004.818848 0.000000 3255.666748 0.000000 0.836259 0.000000 0.548335 0.400000 0.400000 0.400000
4991.493164 0.000000 3260.290283 0.000000 0.675018 0.000000 0.737801 0.400000 0.400000 0.400000
5009.472168 0.000000 3251.662842 0.000000 0.999319 0.000000 -0.036894 0.400000 0.400000 0.400000
5025.642090 0.000000 3260.371826 0.000000 0.648745 0.000000 -0.761006 0.400000 0.400000 0.400000
5047.045410 0.000000 3256.969238 0.000000 0.963618 0.000000 0.267283 0.400000 0.400000 0.400000
5103.661621 0.000000 3221.162109 0.000000 0.870710 0.000000 -0.491797 0.400000 0.400000 0.400000
5078.356934 0.000000 3230.650635 0.000000 0.611126 0.000000 -0.791533 0.400000 0.400000 0.400000
5107.080078 0.000000 3236.053223 0.000000 0.585261 0.000000 0.810845 0.400000 0.400000 0.400000
5071.824219 0.000000 3244.576904 0.000000 0.384619 0.000000 -0.923075 0.400000 0.400000 0.400000
5113.793945 0.000000 3212.744141 0.000000 0.942266 0.000000 -0.334866 0.400000 0.400000 0.400000
5092.731445 0.000000 3232.349121 0.000000 0.169515 0.000000 -0.985528 0.400000 0.400000 0.400000
5114.652832 0.000000 3225.811768 0.000000 0.997966 0.000000 0.063743 0.400000 0.400000 0.400000
5082.353027 0.000000 3241.024170 0.000000 0.227779 0.000000 0.973713 0.400000 0.400000 0.400000
5063.944336 0.000000 3249.086914 0.000000 0.895163 0.000000 0.445739 0.400000 0.400000 0.400000
5080.398438 0.000000 3221.551025 0.000000 0.518177 0.000000 0.855274 0.400000 0.400000 0.400000
5101.520996 0.000000 3229.505127 0.000000 0.539645 0.000000 -0.841893 0.400000 0.400000 0.400000
5055.884277 0.000000 3250.335449 0.000000 0.590415 0.000000 0.807100 0.400000 0.400000 0.400000
5086.316895 0.000000 3227.478027 0.000000 0.314401 0.000000 0.949290 0.400000 0.400000 0.400000
5110.754883 0.000000 3219.745117 0.000000 0.999625 0.000000 0.027400 0.400000 0.400000 0.400000
5108.902832 0.000000 3229.441650 0.000000 0.997941 0.000000 -0.064145 0.400000 0.400000 0.400000
5063.640137 0.000000 3242.711182 0.000000 0.896080 0.000000 0.443892 0.400000 0.400000 0.400000
5100.599121 0.000000 3235.608398 0.000000 0.705882 0.000000 -0.708329 0.400000 0.400000 0.400000
5116.812988 0.000000 3220.042480 0.000000 0.181945 0.000000 0.983309 0.400000 0.400000 0.400000
5107.834961 0.000000 3224.321289 0.000000 0.850110 0.000000 -0.526606 0.400000 0.400000 0.400000
5113.686523 0.000000 3231.207764 0.000000 0.012295 0.000000 -0.999924 0.400000 0.400000 0.400000
5090.478027 0.000000 3224.827881 0.000000 0.680679 0.000000 -0.732582 0.400000 0.400000 0.400000
5096.541992 0.000000 3229.373535 0.000000 0.569091 0.000000 0.822274 0.400000 0.400000 0.400000
5105.284668 0.000000 3231.904785 0.000000 0.888505 0.000000 0.458867 0.400000 0.400000 0.400000
5117.398926 0.000000 3229.120117 0.000000 0.759944 0.000000 -0.649988 0.400000 0.400000 0.400000
5105.082520 0.000000 3227.602295 0.000000 0.781151 0.000000 -0.624342 0.400000 0.400000 0.400000
5113.740723 0.000000 3222.159424 0.000000 0.360786 0.000000 -0.932648 0.400000 0.400000 0.400000
5111.000977 0.000000 3226.377441 0.000000 0.999142 0.000000 -0.041420 0.400000 0.400000 0.400000
5118.042480 0.000000 3223.534424 0.000000 0.561845 0.000000 0.827243 0.400000 0.400000 0.400000
5110.613770 0.000000 3223.000000 0.000000 0.789990 0.000000 0.613120 0.400000 0.400000 0.400000
5002.772461 0.000000 3263.989990 0.000000 0.063769 0.000000 -0.997965 0.400000 0.400000 0.400000
5026.886719 0.000000 3263.765625 0.000000 0.439614 0.000000 -0.898187 0.400000 0.400000 0.400000
5140.341309 0.000000 3194.280762 0.000000 0.970432 0.000000 0.241375 0.400000 0.400000 0.400000
5121.351074 0.000000 3178.245850 0.000000 0.858169 0.000000 0.513367 0.400000 0.400000 0.400000
5165.018555 0.000000 3187.689697 0.000000 0.184885 0.000000 0.982760 0.400000 0.400000 0.400000
5127.936523 0.000000 3185.102539 0.000000 0.994272 0.000000 -0.106880 0.400000 0.400000 0.400000
5143.046387 0.000000 3185.649902 0.000000 0.998519 0.000000 -0.054400 0.400000 0.400000 0.400000
5158.327148 0.000000 3187.622803 0.000000 0.702107 0.000000 0.712071 0.400000 0.400000 0.400000
5123.632812 0.000000 3182.595459 0.000000 0.979799 0.000000 -0.199985 0.400000 0.400000 0.400000
5133.358887 0.000000 3184.893799 0.000000 0.992705 0.000000 0.120573 0.400000 0.400000 0.400000
5161.068359 0.000000 3190.794434 0.000000 0.282435 0.000000 0.959286 0.400000 0.400000 0.400000
5120.877441 0.000000 3215.075195 0.000000 0.429516 0.000000 0.903059 0.400000 0.400000 0.400000
5167.653809 0.000000 3221.162109 0.000000 0.826086 0.000000 -0.563544 0.400000 0.400000 0.400000
5142.349121 0.000000 3230.650635 0.000000 0.497631 0.000000 0.867389 0.400000 0.400000 0.400000
5147.742676 0.000000 3206.883545 0.000000 0.541053 0.000000 -0.840989 0.400000 0.400000 0.400000
5130.756836 0.000000 3200.005615 0.000000 0.786893 0.000000 0.617089 0.400000 0.400000 0.400000
5136.441895 0.000000 3216.636230 0.000000 0.727239 0.000000 -0.686384 0.400000 0.400000 0.400000
5127.542480 0.000000 3228.543213 0.000000 0.384685 0.000000 0.923048 0.400000 0.400000 0.400000
5162.360840 0.000000 3207.165283 0.000000 0.786013 0.000000 -0.618209 0.400000 0.400000 0.400000
5153.164551 0.000000 3220.130615 0.000000 0.552882 0.000000 -0.833260 0.400000 0.400000 0.400000
5154.871094 0.000000 3199.781250 0.000000 0.847813 0.000000 0.530295 0.400000 0.400000 0.400000
5129.050781 0.000000 3209.464111 0.000000 0.945989 0.000000 -0.324199 0.400000 0.400000 0.400000
5119.605957 0.000000 3224.097412 0.000000 0.854153 0.000000 -0.520023 0.400000 0.400000 0.400000
5120.089355 0.000000 3233.384521 0.000000 0.816557 0.000000 0.577264 0.400000 0.400000 0.400000
5144.390625 0.000000 3221.551025 0.000000 0.522106 0.000000 0.852881 0.400000 0.400000 0.400000
5139.014160 0.000000 3208.242432 0.000000 0.278273 0.000000 -0.960502 0.400000 0.400000 0.400000
5160.916992 0.000000 3215.630859 0.000000 0.943216 0.000000 -0.332180 0.400000 0.400000 0.400000
5135.581055 0.000000 3225.806396 0.000000 0.886084 0.000000 -0.463524 0.400000 0.400000 0.400000
5128.176758 0.000000 3219.546875 0.000000 0.171188 0.000000 -0.985238 0.400000 0.400000 0.400000
5154.897949 0.000000 3210.363525 0.000000 0.404457 0.000000 -0.914557 0.400000 0.400000 0.400000
5148.147949 0.000000 3214.529541 0.000000 0.934429 0.000000 -0.356149 0.400000 0.400000 0.400000
5142.103027 0.000000 3213.538574 0.000000 0.181985 0.000000 -0.983301 0.400000 0.400000 0.400000
5148.879883 0.000000 3200.942383 0.000000 0.989701 0.000000 0.143147 0.400000 0.400000 0.400000
5131.233398 0.000000 3214.647461 0.000000 0.617526 0.000000 0.786550 0.400000 0.400000 0.400000
5156.802734 0.000000 3204.962891 0.000000 0.298551 0.000000 0.954394 0.400000 0.400000 0.400000
5142.856934 0.000000 3204.521729 0.000000 0.540309 0.000000 -0.841467 0.400000 0.400000 0.400000
5140.877930 0.000000 3225.482910 0.000000 0.888828 0.000000 0.458241 0.400000 0.400000 0.400000
5124.736328 0.000000 3223.545166 0.000000 0.607621 0.000000 0.794227 0.400000 0.400000 0.400000
5134.114746 0.000000 3210.383789 0.000000 0.948952 0.000000 0.315422 0.400000 0.400000 0.400000
5130.547363 0.000000 3224.289795 0.000000 0.930467 0.000000 -0.366375 0.400000 0.400000 0.400000
5126.200195 0.000000 3214.122314 0.000000 0.931420 0.000000 -0.363947 0.400000 0.400000 0.400000
5139.251465 0.000000 3220.697510 0.000000 0.795067 0.000000 -0.606521 0.400000 0.400000 0.400000
5155.664551 0.000000 3215.768799 0.000000 0.813273 0.000000 -0.581882 0.400000 0.400000 0.400000
5132.973633 0.000000 3220.002197 0.000000 0.634123 0.000000 0.773232 0.400000 0.400000 0.400000
5121.720215 0.000000 3219.797119 0.000000 0.935221 0.000000 0.354063 0.400000 0.400000 0.400000
5148.945312 0.000000 3222.852051 0.000000 0.911703 0.000000 0.410850 0.400000 0.400000 0.400000
5152.070312 0.000000 3205.263916 0.000000 0.603969 0.000000 0.797008 0.400000 0.400000 0.400000
5143.664551 0.000000 3209.142334 0.000000 0.222981 0.000000 -0.974823 0.400000 0.400000 0.400000
5159.610352 0.000000 3211.253662 0.000000 0.603723 0.000000 -0.797194 0.400000 0.400000 0.400000
5150.452637 0.000000 3210.631104 0.000000 0.609485 0.000000 0.792797 0.400000 0.400000 0.400000
5144.660645 0.000000 3217.171143 0.000000 0.886868 0.000000 0.462023 0.400000 0.400000 0.400000
5137.750000 0.000000 3212.526855 0.000000 0.178361 0.000000 -0.983965 0.400000 0.400000 0.400000
5149.000977 0.000000 3218.632812 0.000000 0.550696 0.000000 0.834706 0.400000 0.400000 0.400000
5152.038086 0.000000 3214.622314 0.000000 0.346943 0.000000 -0.937886 0.400000 0.400000 0.400000
5140.155762 0.000000 3217.062256 0.000000 0.586180 0.000000 -0.810181 0.400000 0.400000 0.400000
5124.863770 0.000000 3217.541016 0.000000 0.015432 0.000000 0.999881 0.400000 0.400000 0.400000
5146.704102 0.000000 3211.111328 0.000000 0.348651 0.000000 0.937253 0.400000 0.400000 0.400000
5134.531250 0.000000 3213.848145 0.000000 0.958865 0.000000 0.283861 0.400000 0.400000 0.400000
5142.363281 0.000000 3219.256348 0.000000 0.766274 0.000000 -0.642513 0.400000 0.400000 0.400000
5140.752930 0.000000 3210.844482 0.000000 0.418314 0.000000 0.908302 0.400000 0.400000 0.400000
5145.179199 0.000000 3213.752441 0.000000 0.628068 0.000000 0.778158 0.400000 0.400000 0.400000
"}
