object={
	name="tree_pine_01_a_generator_1_0"
	render_pass=Map
	clamp_to_water_level=no
	generated_content=yes
	layer="tree_high_layer"
	pdxmesh="tree_pine_single_01_a_mesh"
	count=5
	transform="4369.550293 0.000000 2547.834717 0.000000 0.671874 0.000000 0.740665 1.000000 1.000000 1.000000
4370.907227 0.000000 2547.195801 0.000000 0.771515 0.000000 0.636211 1.000000 1.000000 1.000000
4282.874512 0.000000 2575.113525 0.000000 0.402158 0.000000 0.915570 1.000000 1.000000 1.000000
4412.941406 0.000000 2598.359131 0.000000 0.526233 0.000000 0.850341 1.000000 1.000000 1.000000
4453.081543 0.000000 2582.973389 0.000000 0.409196 0.000000 0.912447 1.000000 1.000000 1.000000
"}
object={
	name="tree_pine_01_a_generator_1_1"
	render_pass=Map
	clamp_to_water_level=no
	generated_content=yes
	layer="tree_high_layer"
	pdxmesh="tree_pine_single_01_b_mesh"
	count=4
	transform="4215.146973 0.000000 2553.141113 0.000000 0.981495 0.000000 -0.191487 1.000000 1.000000 1.000000
4452.809570 0.000000 2528.520996 0.000000 0.914104 0.000000 -0.405479 1.000000 1.000000 1.000000
4413.779297 0.000000 2599.520264 0.000000 0.963696 0.000000 0.267002 1.000000 1.000000 1.000000
4473.838867 0.000000 2561.343262 0.000000 0.999254 0.000000 -0.038624 1.000000 1.000000 1.000000
"}
object={
	name="tree_pine_01_a_generator_1_2"
	render_pass=Map
	clamp_to_water_level=no
	generated_content=yes
	layer="tree_high_layer"
	pdxmesh="tree_pine_single_01_c_mesh"
	count=2
	transform="4413.954590 0.000000 2597.396240 0.000000 0.725721 0.000000 -0.687989 1.000000 1.000000 1.000000
4442.790039 0.000000 2571.267578 0.000000 0.594549 0.000000 -0.804059 1.000000 1.000000 1.000000
"}
